time_stamp	px_state	py_state	v_state	yaw_angle_state	yaw_rate_state	sensor_type	NIS	px_measured	py_measured	px_ground_truth	py_ground_truth	vx_ground_truth	vy_ground_truth
1477010443000000	0.312243	0.58034	0	0	0	lidar	6.95326e-310	0.312243	0.58034	0.6	0.6	0	0
1477010443050000	2.1984e+17	0.46304	2.97683e+08	3.3255e-10	0	radar	1.02669	0.862916	0.534212	0.859997	0.600045	0.000345533	4.77611e-06
1477010443100000	32	0.479653	2195.2	0.00735698	-1.10732e+07	lidar	0.027921	1.17385	0.481073	1.11998	0.600225	0.00103642	2.14877e-05
1477010443150000	-1.03971e+10	0.01831	2.47006e+06	-553661	-1.09271e+07	radar	1.03363	0.969149	0.397513	1.37996	0.600629	0.00207233	5.72822e-05
1477010443200000	1.65063	0.625059	-8.48883e+06	-546357	-5.65683e+07	lidar	136.928	1.65063	0.62469	1.6399	0.601347	0.00345278	0.000119289
1477010443250000	1.85011	0.542186	1.49692e+12	-2.82842e+06	-9.1656e+11	radar	1.39876	1.62331	0.499091	1.89982	0.60247	0.00517714	0.00021461
1477010443300000	22.9171	13.1897	2.17027e+24	-1.5276e+10	-1.20708e+23	lidar	1.45014	2.18882	0.648739	2.1597	0.604086	0.0072446	0.000350319
1477010443350000	1119.34	591.072	1.84995e+49	-2.01181e+21	-3.7567e+23	radar	9.45275	1.96701	0.557116	2.41954	0.606284	0.00965425	0.000533446
1477010443400000	-3.46519e+73	-2.80724e+74	-9.89226e+96	-2.0177e+49	4.64501e+71	lidar	7.5151e+47	2.65526	0.66598	2.67932	0.609155	0.012405	0.00077098
1477010443450000	nan	nan	nan	nan	nan	radar	nan	2.92034	0.645898	2.93904	0.612786	0.0154956	0.00106986
1477010443500000	nan	nan	nan	nan	nan	lidar	nan	3.01222	0.637046	3.19869	0.617267	0.0189247	0.00143695
1477010443550000	nan	nan	nan	nan	nan	radar	nan	3.56096	0.485311	3.45825	0.622686	0.0226907	0.00187908
1477010443600000	nan	nan	nan	nan	nan	lidar	nan	3.89365	0.311793	3.71772	0.629131	0.026792	0.00240297
1477010443650000	nan	nan	nan	nan	nan	radar	nan	4.19786	0.698311	3.97708	0.636689	0.0312269	0.0030153
1477010443700000	nan	nan	nan	nan	nan	lidar	nan	4.30935	0.578564	4.23632	0.645449	0.0359932	0.00372264
1477010443750000	nan	nan	nan	nan	nan	radar	nan	4.61908	0.68951	4.49542	0.655498	0.0410891	0.00453149
1477010443800000	nan	nan	nan	nan	nan	lidar	nan	4.35143	0.899174	4.75437	0.666921	0.0465122	0.00544822
1477010443850000	nan	nan	nan	nan	nan	radar	nan	5.20902	0.66599	5.01316	0.679804	0.0522603	0.00647915
1477010443900000	nan	nan	nan	nan	nan	lidar	nan	5.51893	0.648233	5.27175	0.694234	0.0583309	0.00763044
1477010443950000	nan	nan	nan	nan	nan	radar	nan	5.22835	0.639362	5.53013	0.710295	0.0647214	0.00890818
1477010444000000	nan	nan	nan	nan	nan	lidar	nan	6.022	0.708619	5.78828	0.728071	0.0714292	0.0103183
1477010444050000	nan	nan	nan	nan	nan	radar	nan	5.89392	0.373584	6.04618	0.747646	0.0784513	0.0118667
1477010444100000	nan	nan	nan	nan	nan	lidar	nan	6.34249	0.948833	6.30379	0.769103	0.085785	0.013559
1477010444150000	nan	nan	nan	nan	nan	radar	nan	6.62134	0.836138	6.56111	0.792523	0.0934271	0.0154007
1477010444200000	nan	nan	nan	nan	nan	lidar	nan	6.78214	0.714036	6.81808	0.817988	0.101375	0.0173974
1477010444250000	nan	nan	nan	nan	nan	radar	nan	7.29121	0.630741	7.07469	0.845578	0.109624	0.0195543
1477010444300000	nan	nan	nan	nan	nan	lidar	nan	7.13735	0.957217	7.3309	0.875372	0.118173	0.0218765
1477010444350000	nan	nan	nan	nan	nan	radar	nan	8.08349	0.819605	7.58668	0.907449	0.127016	0.024369
1477010444400000	nan	nan	nan	nan	nan	lidar	nan	7.80533	0.719126	7.84199	0.941886	0.136152	0.0270366
1477010444450000	nan	nan	nan	nan	nan	radar	nan	8.40453	0.884557	8.0968	0.978758	0.145576	0.0298841
1477010444500000	nan	nan	nan	nan	nan	lidar	nan	8.24796	0.840322	8.35106	1.01814	0.155285	0.0329159
1477010444550000	nan	nan	nan	nan	nan	radar	nan	8.45858	1.41118	8.60472	1.06011	0.165275	0.0361362
1477010444600000	nan	nan	nan	nan	nan	lidar	nan	8.74615	1.04858	8.85775	1.10473	0.175542	0.0395494
1477010444650000	nan	nan	nan	nan	nan	radar	nan	9.8809	1.1419	9.1101	1.15208	0.186083	0.0431593
1477010444700000	nan	nan	nan	nan	nan	lidar	nan	9.25579	1.04913	9.36172	1.20223	0.196892	0.0469698
1477010444750000	nan	nan	nan	nan	nan	radar	nan	10.1016	1.52474	9.61255	1.25524	0.207968	0.0509844
1477010444800000	nan	nan	nan	nan	nan	lidar	nan	10.0484	1.44598	9.86254	1.31118	0.219305	0.0552067
1477010444850000	nan	nan	nan	nan	nan	radar	nan	10.5377	1.72555	10.1116	1.37011	0.2309	0.0596399
1477010444900000	nan	nan	nan	nan	nan	lidar	nan	10.2492	1.45907	10.3598	1.4321	0.242748	0.064287
1477010444950000	nan	nan	nan	nan	nan	radar	nan	10.9084	1.70343	10.6069	1.49721	0.254845	0.0691508
1477010445000000	nan	nan	nan	nan	nan	lidar	nan	10.7313	1.45265	10.853	1.56549	0.267188	0.0742341
1477010445050000	nan	nan	nan	nan	nan	radar	nan	11.4783	1.42876	11.0979	1.637	0.279772	0.0795394
1477010445100000	nan	nan	nan	nan	nan	lidar	nan	11.587	1.61462	11.3416	1.71179	0.292592	0.0850689
1477010445150000	nan	nan	nan	nan	nan	radar	nan	11.4763	1.53917	11.584	1.78992	0.305646	0.0908247
1477010445200000	nan	nan	nan	nan	nan	lidar	nan	11.7788	1.74591	11.8251	1.87144	0.318928	0.0968087
1477010445250000	nan	nan	nan	nan	nan	radar	nan	12.136	2.14937	12.0648	1.95639	0.332435	0.103023
1477010445300000	nan	nan	nan	nan	nan	lidar	nan	12.3226	1.78353	12.3029	2.04482	0.346162	0.109468
1477010445350000	nan	nan	nan	nan	nan	radar	nan	12.5457	1.77728	12.5394	2.13677	0.360106	0.116146
1477010445400000	nan	nan	nan	nan	nan	lidar	nan	12.5924	2.17509	12.7743	2.23227	0.374261	0.123057
1477010445450000	nan	nan	nan	nan	nan	radar	nan	13.2198	2.66441	13.0075	2.33136	0.388625	0.130203
1477010445500000	nan	nan	nan	nan	nan	lidar	nan	13.0875	2.40708	13.2388	2.43409	0.403192	0.137584
1477010445550000	nan	nan	nan	nan	nan	radar	nan	12.7087	3.12439	13.4682	2.54047	0.417959	0.145201
1477010445600000	nan	nan	nan	nan	nan	lidar	nan	13.836	2.62479	13.6955	2.65053	0.432922	0.153054
1477010445650000	nan	nan	nan	nan	nan	radar	nan	13.8302	2.73893	13.9208	2.7643	0.448076	0.161143
1477010445700000	nan	nan	nan	nan	nan	lidar	nan	14.2105	2.94205	14.1439	2.88179	0.463419	0.169467
1477010445750000	nan	nan	nan	nan	nan	radar	nan	14.5568	2.87021	14.3646	3.00303	0.478945	0.178027
1477010445800000	nan	nan	nan	nan	nan	lidar	nan	14.4616	2.90734	14.583	3.12802	0.494652	0.186822
1477010445850000	nan	nan	nan	nan	nan	radar	nan	14.6754	3.96041	14.7989	3.25679	0.510535	0.195852
1477010445900000	nan	nan	nan	nan	nan	lidar	nan	15.0261	3.5067	15.0122	3.38932	0.526591	0.205114
1477010445950000	nan	nan	nan	nan	nan	radar	nan	15.3685	4.14761	15.2228	3.52563	0.542815	0.214608
1477010446000000	nan	nan	nan	nan	nan	lidar	nan	15.5236	3.82936	15.4306	3.66572	0.559205	0.224333
1477010446050000	nan	nan	nan	nan	nan	radar	nan	15.7234	3.4105	15.6356	3.80957	0.575757	0.234287
1477010446100000	nan	nan	nan	nan	nan	lidar	nan	15.9774	4.00094	15.8375	3.95718	0.592467	0.244468
1477010446150000	nan	nan	nan	nan	nan	radar	nan	16.3376	4.21632	16.0363	4.10854	0.609332	0.254875
1477010446200000	nan	nan	nan	nan	nan	lidar	nan	16.3313	4.44499	16.2319	4.26363	0.626349	0.265505
1477010446250000	nan	nan	nan	nan	nan	radar	nan	16.7586	4.48231	16.4242	4.42242	0.643514	0.276356
1477010446300000	nan	nan	nan	nan	nan	lidar	nan	16.6039	4.67344	16.613	4.5849	0.660825	0.287425
1477010446350000	nan	nan	nan	nan	nan	radar	nan	16.9236	5.10119	16.7983	4.75103	0.678278	0.298711
1477010446400000	nan	nan	nan	nan	nan	lidar	nan	16.9955	5.21099	16.9799	4.92077	0.69587	0.310209
1477010446450000	nan	nan	nan	nan	nan	radar	nan	17.3421	4.64623	17.1578	5.09409	0.713599	0.321916
1477010446500000	nan	nan	nan	nan	nan	lidar	nan	17.2894	5.43542	17.3319	5.27094	0.731461	0.333831
1477010446550000	nan	nan	nan	nan	nan	radar	nan	17.6463	4.74597	17.5019	5.45128	0.749454	0.345948
1477010446600000	nan	nan	nan	nan	nan	lidar	nan	17.7853	5.62476	17.6679	5.63506	0.767575	0.358265
1477010446650000	nan	nan	nan	nan	nan	radar	nan	17.9216	6.07151	17.8297	5.82221	0.785823	0.370778
1477010446700000	nan	nan	nan	nan	nan	lidar	nan	18.1263	6.16985	17.9872	6.01269	0.804194	0.383482
1477010446750000	nan	nan	nan	nan	nan	radar	nan	18.1245	6.79027	18.1403	6.20641	0.822686	0.396375
1477010446800000	nan	nan	nan	nan	nan	lidar	nan	18.2164	6.66138	18.2888	6.40332	0.841297	0.409451
1477010446850000	nan	nan	nan	nan	nan	radar	nan	18.4022	7.02231	18.4328	6.60333	0.860025	0.422705
1477010446900000	nan	nan	nan	nan	nan	lidar	nan	18.5422	6.76013	18.572	6.80638	0.878867	0.436135
1477010446950000	nan	nan	nan	nan	nan	radar	nan	18.8089	7.24388	18.7064	7.01237	0.897823	0.449734
1477010447000000	nan	nan	nan	nan	nan	lidar	nan	19.1441	7.18344	18.8359	7.22122	0.91689	0.463498
1477010447050000	nan	nan	nan	nan	nan	radar	nan	18.5479	7.4012	18.9604	7.43283	0.936066	0.477422
1477010447100000	nan	nan	nan	nan	nan	lidar	nan	19.0138	7.8688	19.0798	7.64712	0.95535	0.491501
1477010447150000	nan	nan	nan	nan	nan	radar	nan	19.3089	7.67375	19.1939	7.86397	0.974741	0.505729
1477010447200000	nan	nan	nan	nan	nan	lidar	nan	19.132	8.12845	19.3028	8.08329	0.994236	0.5201
1477010447250000	nan	nan	nan	nan	nan	radar	nan	19.0239	8.17194	19.4062	8.30497	1.01383	0.53461
1477010447300000	nan	nan	nan	nan	nan	lidar	nan	19.347	8.30741	19.5042	8.5289	1.03354	0.549253
1477010447350000	nan	nan	nan	nan	nan	radar	nan	19.6843	8.35902	19.5967	8.75494	1.05334	0.564023
1477010447400000	nan	nan	nan	nan	nan	lidar	nan	20.0039	8.8906	19.6835	8.983	1.07324	0.578913
1477010447450000	nan	nan	nan	nan	nan	radar	nan	19.6061	9.48659	19.7645	9.21294	1.09324	0.593918
1477010447500000	nan	nan	nan	nan	nan	lidar	nan	20.1574	9.45949	19.8398	9.44463	1.11335	0.609031
1477010447550000	nan	nan	nan	nan	nan	radar	nan	19.6163	9.76606	19.9093	9.67795	1.13354	0.624246
1477010447600000	nan	nan	nan	nan	nan	lidar	nan	20.1573	9.90876	19.9728	9.91275	1.15384	0.639557
1477010447650000	nan	nan	nan	nan	nan	radar	nan	19.1911	11.5493	20.0303	10.1489	1.17423	0.654957
1477010447700000	nan	nan	nan	nan	nan	lidar	nan	20.166	10.4687	20.0817	10.3863	1.19472	0.670439
1477010447750000	nan	nan	nan	nan	nan	radar	nan	19.6774	10.803	20.1271	10.6247	1.21531	0.685997
1477010447800000	nan	nan	nan	nan	nan	lidar	nan	20.3711	11.0109	20.1663	10.864	1.23598	0.701624
1477010447850000	nan	nan	nan	nan	nan	radar	nan	19.4335	12.3402	20.1993	11.1041	1.25676	0.717312
1477010447900000	nan	nan	nan	nan	nan	lidar	nan	20.3164	11.3483	20.2261	11.3449	1.27763	0.733056
1477010447950000	nan	nan	nan	nan	nan	radar	nan	19.2063	12.2418	20.2466	11.5861	1.29859	0.748846
1477010448000000	nan	nan	nan	nan	nan	lidar	nan	20.6141	11.9421	20.2608	11.8275	1.31965	0.764677
1477010448050000	nan	nan	nan	nan	nan	radar	nan	19.966	11.9688	20.2687	12.0692	1.3408	0.780541
1477010448100000	nan	nan	nan	nan	nan	lidar	nan	20.3263	12.4966	20.2701	12.3108	1.36205	0.79643
1477010448150000	nan	nan	nan	nan	nan	radar	nan	20.0192	12.4822	20.2653	12.5522	1.38339	0.812338
1477010448200000	nan	nan	nan	nan	nan	lidar	nan	20.498	12.8924	20.254	12.7933	1.40483	0.828256
1477010448250000	nan	nan	nan	nan	nan	radar	nan	20.9151	12.2555	20.2363	13.0339	1.42636	0.844176
1477010448300000	nan	nan	nan	nan	nan	lidar	nan	20.1943	13.1688	20.2122	13.2738	1.44799	0.860092
1477010448350000	nan	nan	nan	nan	nan	radar	nan	19.858	13.5236	20.1818	13.5129	1.46971	0.875995
1477010448400000	nan	nan	nan	nan	nan	lidar	nan	20.3245	13.8896	20.1449	13.7509	1.49153	0.891878
1477010448450000	nan	nan	nan	nan	nan	radar	nan	20.3387	13.5307	20.1017	13.9878	1.51344	0.907732
1477010448500000	nan	nan	nan	nan	nan	lidar	nan	20.1216	14.337	20.0521	14.2233	1.53545	0.92355
1477010448550000	nan	nan	nan	nan	nan	radar	nan	19.6717	14.4038	19.9962	14.4573	1.55756	0.939324
1477010448600000	nan	nan	nan	nan	nan	lidar	nan	19.781	14.773	19.9339	14.6897	1.57976	0.955045
1477010448650000	nan	nan	nan	nan	nan	radar	nan	20.1149	14.0165	19.8655	14.9202	1.60206	0.970706
1477010448700000	nan	nan	nan	nan	nan	lidar	nan	20.0208	15.2053	19.7908	15.1486	1.62446	0.986298
1477010448750000	nan	nan	nan	nan	nan	radar	nan	20.0157	15.3443	19.7099	15.3749	1.64696	1.00181
1477010448800000	nan	nan	nan	nan	nan	lidar	nan	19.9131	15.554	19.6229	15.5989	1.66955	1.01724
1477010448850000	nan	nan	nan	nan	nan	radar	nan	19.9388	15.0864	19.5298	15.8203	1.69225	1.03258
1477010448900000	nan	nan	nan	nan	nan	lidar	nan	19.4748	16.0098	19.4307	16.039	1.71504	1.04782
1477010448950000	nan	nan	nan	nan	nan	radar	nan	19.1556	16.0022	19.3257	16.255	1.73794	1.06294
1477010449000000	nan	nan	nan	nan	nan	lidar	nan	19.238	16.2719	19.2148	16.4679	1.76093	1.07795
1477010449050000	nan	nan	nan	nan	nan	radar	nan	19.4007	16.2962	19.0981	16.6777	1.78402	1.09283
1477010449100000	nan	nan	nan	nan	nan	lidar	nan	19.0029	16.8387	18.9757	16.8841	1.80721	1.10758
1477010449150000	nan	nan	nan	nan	nan	radar	nan	18.8373	17.7112	18.8477	17.0872	1.83051	1.12218
1477010449200000	nan	nan	nan	nan	nan	lidar	nan	18.6148	17.3832	18.7142	17.2866	1.8539	1.13664
1477010449250000	nan	nan	nan	nan	nan	radar	nan	18.8177	17.0316	18.5752	17.4822	1.8774	1.15093
1477010449300000	nan	nan	nan	nan	nan	lidar	nan	18.1023	17.5529	18.4309	17.674	1.90099	1.16505
1477010449350000	nan	nan	nan	nan	nan	radar	nan	18.2749	17.4877	18.2814	17.8617	1.92469	1.179
1477010449400000	nan	nan	nan	nan	nan	lidar	nan	18.2094	18.0461	18.1268	18.0453	1.94848	1.19276
1477010449450000	nan	nan	nan	nan	nan	radar	nan	18.3021	17.498	17.9671	18.2246	1.97238	1.20633
1477010449500000	nan	nan	nan	nan	nan	lidar	nan	17.9017	18.2183	17.8026	18.3994	1.99637	1.2197
1477010449550000	nan	nan	nan	nan	nan	radar	nan	18.8558	18.1364	17.6334	18.5697	2.02047	1.23286
1477010449600000	nan	nan	nan	nan	nan	lidar	nan	17.3845	18.7039	17.4595	18.7353	2.04467	1.2458
1477010449650000	nan	nan	nan	nan	nan	radar	nan	17.7945	18.0801	17.2811	18.8962	2.06896	1.25851
1477010449700000	nan	nan	nan	nan	nan	lidar	nan	17.1762	18.8863	17.0983	19.0521	2.09335	1.27099
1477010449750000	nan	nan	nan	nan	nan	radar	nan	16.9398	19.7311	16.9113	19.203	2.11784	1.28322
1477010449800000	nan	nan	nan	nan	nan	lidar	nan	16.5734	19.052	16.7202	19.3488	2.14242	1.2952
1477010449850000	nan	nan	nan	nan	nan	radar	nan	16.1674	20.2201	16.5251	19.4894	2.16711	1.30693
1477010449900000	nan	nan	nan	nan	nan	lidar	nan	16.2338	19.617	16.3262	19.6246	2.19188	1.31838
1477010449950000	nan	nan	nan	nan	nan	radar	nan	16.4366	18.2742	16.1237	19.7545	2.21675	1.32956
1477010450000000	nan	nan	nan	nan	nan	lidar	nan	15.9243	19.8703	15.9176	19.8789	2.24171	1.34046
1477010450050000	nan	nan	nan	nan	nan	radar	nan	16.2328	19.2166	15.7082	19.9978	2.26676	1.35106
1477010450100000	nan	nan	nan	nan	nan	lidar	nan	15.4332	20.1836	15.4956	20.111	2.2919	1.36137
1477010450150000	nan	nan	nan	nan	nan	radar	nan	14.3677	21.3406	15.2799	20.2185	2.31713	1.37137
1477010450200000	nan	nan	nan	nan	nan	lidar	nan	15.2016	20.4385	15.0613	20.3203	2.34244	1.38105
1477010450250000	nan	nan	nan	nan	nan	radar	nan	14.7476	19.9571	14.84	20.4162	2.36784	1.39041
1477010450300000	nan	nan	nan	nan	nan	lidar	nan	14.6665	20.6088	14.6161	20.5063	2.39332	1.39944
1477010450350000	nan	nan	nan	nan	nan	radar	nan	13.841	21.0031	14.3897	20.5904	2.41888	1.40814
1477010450400000	nan	nan	nan	nan	nan	lidar	nan	14.0521	20.5924	14.1611	20.6686	2.44451	1.41648
1477010450450000	nan	nan	nan	nan	nan	radar	nan	13.8232	20.859	13.9304	20.7408	2.47022	1.42448
1477010450500000	nan	nan	nan	nan	nan	lidar	nan	13.4687	20.7253	13.6977	20.807	2.496	1.43211
1477010450550000	nan	nan	nan	nan	nan	radar	nan	13.8263	20.4261	13.4632	20.8671	2.52185	1.43938
1477010450600000	nan	nan	nan	nan	nan	lidar	nan	13.1072	20.8294	13.2271	20.9211	2.54776	1.44627
1477010450650000	nan	nan	nan	nan	nan	radar	nan	13.2669	21.1579	12.9895	20.969	2.57374	1.45279
1477010450700000	nan	nan	nan	nan	nan	lidar	nan	12.8729	21.0592	12.7506	21.0108	2.59978	1.45891
1477010450750000	nan	nan	nan	nan	nan	radar	nan	11.5171	21.6724	12.5106	21.0465	2.62587	1.46464
1477010450800000	nan	nan	nan	nan	nan	lidar	nan	12.2062	21.11	12.2695	21.0761	2.65202	1.46997
1477010450850000	nan	nan	nan	nan	nan	radar	nan	12.3859	21.1066	12.0276	21.0996	2.67821	1.4749
1477010450900000	nan	nan	nan	nan	nan	lidar	nan	11.6814	20.8651	11.785	21.117	2.70444	1.47941
1477010450950000	nan	nan	nan	nan	nan	radar	nan	11.5265	20.6748	11.5418	21.1283	2.73072	1.48349
1477010451000000	nan	nan	nan	nan	nan	lidar	nan	11.363	21.0689	11.2982	21.1335	2.75703	1.48716
1477010451050000	nan	nan	nan	nan	nan	radar	nan	10.5558	20.5567	11.0544	21.1327	2.78337	1.49039
1477010451100000	nan	nan	nan	nan	nan	lidar	nan	10.8903	20.927	10.8105	21.1259	2.80974	1.49318
1477010451150000	nan	nan	nan	nan	nan	radar	nan	9.30535	21.3896	10.5666	21.1131	2.83613	1.49554
1477010451200000	nan	nan	nan	nan	nan	lidar	nan	10.189	21.209	10.3229	21.0943	2.86254	1.49744
1477010451250000	nan	nan	nan	nan	nan	radar	nan	9.97958	21.2932	10.0795	21.0697	2.88895	1.49889
1477010451300000	nan	nan	nan	nan	nan	lidar	nan	9.99634	20.9797	9.83658	21.0391	2.91538	1.49988
1477010451350000	nan	nan	nan	nan	nan	radar	nan	9.38223	21.111	9.59422	21.0028	2.9418	1.50041
1477010451400000	nan	nan	nan	nan	nan	lidar	nan	9.53921	20.8762	9.35258	20.9607	2.96822	1.50047
1477010451450000	nan	nan	nan	nan	nan	radar	nan	9.63392	20.9724	9.11177	20.9128	2.99462	1.50006
1477010451500000	nan	nan	nan	nan	nan	lidar	nan	8.70331	20.8221	8.87192	20.8594	3.02101	1.49917
1477010451550000	nan	nan	nan	nan	nan	radar	nan	9.84634	20.009	8.63315	20.8003	3.04738	1.4978
1477010451600000	nan	nan	nan	nan	nan	lidar	nan	8.22277	20.4839	8.39557	20.7357	3.07371	1.49594
1477010451650000	nan	nan	nan	nan	nan	radar	nan	8.29647	20.4978	8.1593	20.6657	3.10001	1.4936
1477010451700000	nan	nan	nan	nan	nan	lidar	nan	7.88599	20.45	7.92445	20.5903	3.12626	1.49077
1477010451750000	nan	nan	nan	nan	nan	radar	nan	8.29081	20.6565	7.69111	20.5096	3.15246	1.48744
1477010451800000	nan	nan	nan	nan	nan	lidar	nan	7.18029	20.392	7.45939	20.4236	3.17861	1.48361
1477010451850000	nan	nan	nan	nan	nan	radar	nan	7.09214	20.1196	7.22939	20.3326	3.20469	1.47928
1477010451900000	nan	nan	nan	nan	nan	lidar	nan	6.81542	20.1859	7.00119	20.2364	3.2307	1.47445
1477010451950000	nan	nan	nan	nan	nan	radar	nan	6.89359	20.1536	6.7749	20.1352	3.25663	1.46912
1477010452000000	nan	nan	nan	nan	nan	lidar	nan	6.38914	20.0136	6.55059	20.0292	3.28247	1.46328
1477010452050000	nan	nan	nan	nan	nan	radar	nan	6.67637	20.2142	6.32834	19.9183	3.30822	1.45692
1477010452100000	nan	nan	nan	nan	nan	lidar	nan	5.86119	19.8306	6.10823	19.8027	3.33386	1.45006
1477010452150000	nan	nan	nan	nan	nan	radar	nan	5.28178	19.5036	5.89034	19.6824	3.3594	1.44269
1477010452200000	nan	nan	nan	nan	nan	lidar	nan	5.69089	19.5755	5.67472	19.5577	3.38481	1.4348
1477010452250000	nan	nan	nan	nan	nan	radar	nan	5.9506	18.9859	5.46145	19.4284	3.4101	1.4264
1477010452300000	nan	nan	nan	nan	nan	lidar	nan	5.17021	19.4397	5.25059	19.2949	3.43526	1.41748
1477010452350000	nan	nan	nan	nan	nan	radar	nan	5.87397	19.301	5.04219	19.157	3.46027	1.40805
1477010452400000	nan	nan	nan	nan	nan	lidar	nan	4.89149	18.982	4.8363	19.015	3.48513	1.39811
1477010452450000	nan	nan	nan	nan	nan	radar	nan	3.98679	19.0452	4.63297	18.8689	3.50982	1.38765
1477010452500000	nan	nan	nan	nan	nan	lidar	nan	4.4685	18.834	4.43224	18.7188	3.53435	1.37667
1477010452550000	nan	nan	nan	nan	nan	radar	nan	4.69245	18.4634	4.23416	18.5648	3.5587	1.36519
1477010452600000	nan	nan	nan	nan	nan	lidar	nan	4.26269	18.481	4.03876	18.4071	3.58287	1.35319
1477010452650000	nan	nan	nan	nan	nan	radar	nan	3.42433	18.8357	3.84606	18.2457	3.60683	1.34069
1477010452700000	nan	nan	nan	nan	nan	lidar	nan	3.45919	18.167	3.65611	18.0807	3.6306	1.32767
1477010452750000	nan	nan	nan	nan	nan	radar	nan	4.3011	17.9267	3.46891	17.9122	3.65415	1.31415
1477010452800000	nan	nan	nan	nan	nan	lidar	nan	3.12525	17.7493	3.28449	17.7402	3.67748	1.30013
1477010452850000	nan	nan	nan	nan	nan	radar	nan	2.65664	17.888	3.10287	17.565	3.70057	1.2856
1477010452900000	nan	nan	nan	nan	nan	lidar	nan	2.9449	17.8154	2.92405	17.3866	3.72343	1.27057
1477010452950000	nan	nan	nan	nan	nan	radar	nan	3.26647	17.0897	2.74805	17.2051	3.74603	1.25505
1477010453000000	nan	nan	nan	nan	nan	lidar	nan	2.55407	17.0853	2.57486	17.0205	3.76838	1.23904
1477010453050000	nan	nan	nan	nan	nan	radar	nan	2.55039	16.8884	2.4045	16.833	3.79045	1.22254
1477010453100000	nan	nan	nan	nan	nan	lidar	nan	2.25371	16.8334	2.23695	16.6427	3.81225	1.20556
1477010453150000	nan	nan	nan	nan	nan	radar	nan	1.57735	16.0489	2.07221	16.4497	3.83377	1.1881
1477010453200000	nan	nan	nan	nan	nan	lidar	nan	1.88972	16.1054	1.91027	16.2539	3.85499	1.17016
1477010453250000	nan	nan	nan	nan	nan	radar	nan	1.74363	16.2687	1.75112	16.0557	3.8759	1.15175
1477010453300000	nan	nan	nan	nan	nan	lidar	nan	1.44745	16.0853	1.59474	15.8549	3.8965	1.13288
1477010453350000	nan	nan	nan	nan	nan	radar	nan	1.6097	15.5526	1.44111	15.6517	3.91678	1.11355
1477010453400000	nan	nan	nan	nan	nan	lidar	nan	1.18395	15.4284	1.29021	15.4463	3.93673	1.09376
1477010453450000	nan	nan	nan	nan	nan	radar	nan	0.828993	15.528	1.14201	15.2386	3.95633	1.07353
1477010453500000	nan	nan	nan	nan	nan	lidar	nan	0.722706	15.0075	0.996486	15.0288	3.97559	1.05286
1477010453550000	nan	nan	nan	nan	nan	radar	nan	1.03147	15.2134	0.853604	14.8169	3.99449	1.03175
1477010453600000	nan	nan	nan	nan	nan	lidar	nan	0.737301	14.7047	0.71333	14.603	4.01303	1.01022
1477010453650000	nan	nan	nan	nan	nan	radar	nan	0.722177	14.2445	0.575628	14.3872	4.03118	0.988266
1477010453700000	nan	nan	nan	nan	nan	lidar	nan	0.253435	14.2028	0.440459	14.1696	4.04896	0.965901
1477010453750000	nan	nan	nan	nan	nan	radar	nan	-0.0328025	13.9604	0.307779	13.9502	4.06635	0.943133
1477010453800000	nan	nan	nan	nan	nan	lidar	nan	0.459172	13.6856	0.177545	13.7292	4.08333	0.919968
1477010453850000	nan	nan	nan	nan	nan	radar	nan	0.0524417	13.6377	0.0497099	13.5065	4.09991	0.896416
1477010453900000	nan	nan	nan	nan	nan	lidar	nan	-0.190344	13.2856	-0.0757753	13.2823	4.11607	0.872484
1477010453950000	nan	nan	nan	nan	nan	radar	nan	-0.275042	13.1456	-0.198962	13.0566	4.13181	0.848183
1477010454000000	nan	nan	nan	nan	nan	lidar	nan	0.0462308	12.9301	-0.319903	12.8295	4.14712	0.82352
1477010454050000	nan	nan	nan	nan	nan	radar	nan	-0.684792	12.3563	-0.438654	12.6011	4.16199	0.798506
1477010454100000	nan	nan	nan	nan	nan	lidar	nan	-0.476482	12.3633	-0.555273	12.3714	4.17641	0.773149
1477010454150000	nan	nan	nan	nan	nan	radar	nan	-0.972122	12.5207	-0.669817	12.1404	4.19038	0.747461
1477010454200000	nan	nan	nan	nan	nan	lidar	nan	-0.582624	12.0386	-0.78235	11.9083	4.20389	0.721451
1477010454250000	nan	nan	nan	nan	nan	radar	nan	-1.26757	11.6495	-0.892931	11.6751	4.21694	0.695129
1477010454300000	nan	nan	nan	nan	nan	lidar	nan	-1.17212	11.3988	-1.00163	11.4409	4.22951	0.668505
1477010454350000	nan	nan	nan	nan	nan	radar	nan	-0.891441	10.959	-1.1085	11.2057	4.2416	0.641592
1477010454400000	nan	nan	nan	nan	nan	lidar	nan	-1.39289	11.0424	-1.21362	10.9695	4.25321	0.614399
1477010454450000	nan	nan	nan	nan	nan	radar	nan	-1.29894	10.9012	-1.31706	10.7324	4.26433	0.586937
1477010454500000	nan	nan	nan	nan	nan	lidar	nan	-1.49687	10.4198	-1.41889	10.4945	4.27495	0.559219
1477010454550000	nan	nan	nan	nan	nan	radar	nan	-1.59293	10.0212	-1.51917	10.2559	4.28507	0.531256
1477010454600000	nan	nan	nan	nan	nan	lidar	nan	-1.61875	10.2374	-1.61797	10.0165	4.29468	0.503058
1477010454650000	nan	nan	nan	nan	nan	radar	nan	-1.59701	9.96554	-1.71539	9.77637	4.30378	0.47464
1477010454700000	nan	nan	nan	nan	nan	lidar	nan	-1.73381	9.71347	-1.81147	9.53564	4.31236	0.446011
1477010454750000	nan	nan	nan	nan	nan	radar	nan	-2.27191	9.37316	-1.90631	9.29431	4.32042	0.417185
1477010454800000	nan	nan	nan	nan	nan	lidar	nan	-1.93833	8.77028	-1.99998	9.05243	4.32796	0.388174
1477010454850000	nan	nan	nan	nan	nan	radar	nan	-1.96565	9.13274	-2.09256	8.81003	4.33496	0.35899
1477010454900000	nan	nan	nan	nan	nan	lidar	nan	-2.1768	8.5411	-2.18412	8.56717	4.34144	0.329646
1477010454950000	nan	nan	nan	nan	nan	radar	nan	-2.65863	8.19477	-2.27474	8.32388	4.34737	0.300154
1477010455000000	nan	nan	nan	nan	nan	lidar	nan	-2.21875	8.15339	-2.3645	8.0802	4.35277	0.270528
1477010455050000	nan	nan	nan	nan	nan	radar	nan	-2.273	8.52315	-2.45348	7.83617	4.35763	0.240781
1477010455100000	nan	nan	nan	nan	nan	lidar	nan	-2.59674	7.60288	-2.54177	7.59183	4.36194	0.210925
1477010455150000	nan	nan	nan	nan	nan	radar	nan	-3.08256	7.38874	-2.62944	7.34723	4.3657	0.180973
1477010455200000	nan	nan	nan	nan	nan	lidar	nan	-2.79865	7.064	-2.71658	7.10238	4.36892	0.15094
1477010455250000	nan	nan	nan	nan	nan	radar	nan	-2.79412	7.20818	-2.80326	6.85734	4.37158	0.120837
1477010455300000	nan	nan	nan	nan	nan	lidar	nan	-2.74651	6.86867	-2.88957	6.61214	4.37369	0.0906778
1477010455350000	nan	nan	nan	nan	nan	radar	nan	-2.57673	6.36755	-2.97559	6.36681	4.37525	0.0604766
1477010455400000	nan	nan	nan	nan	nan	lidar	nan	-2.90217	6.22989	-3.0614	6.12139	4.37625	0.0302462
1477010455450000	nan	nan	nan	nan	nan	radar	nan	-3.50172	6.10796	-3.14709	5.87592	4.3767	-7.7421e-16
1477010455500000	nan	nan	nan	nan	nan	lidar	nan	-3.17781	5.53101	-3.23274	5.63044	4.3766	-0.0302486
1477010455550000	nan	nan	nan	nan	nan	radar	nan	-3.19736	5.19093	-3.31843	5.38497	4.37594	-0.0604861
1477010455600000	nan	nan	nan	nan	nan	lidar	nan	-3.43031	5.10507	-3.40424	5.13955	4.37473	-0.0906993
1477010455650000	nan	nan	nan	nan	nan	radar	nan	-3.4281	4.94644	-3.49026	4.89422	4.37296	-0.120875
1477010455700000	nan	nan	nan	nan	nan	lidar	nan	-3.69435	4.52196	-3.57657	4.64902	4.37064	-0.150999
1477010455750000	nan	nan	nan	nan	nan	radar	nan	-3.50501	4.17643	-3.66325	4.40398	4.36777	-0.181059
1477010455800000	nan	nan	nan	nan	nan	lidar	nan	-4.00238	4.04684	-3.75039	4.15913	4.36435	-0.211042
1477010455850000	nan	nan	nan	nan	nan	radar	nan	-4.06447	4.10977	-3.83806	3.91452	4.36038	-0.240933
1477010455900000	nan	nan	nan	nan	nan	lidar	nan	-3.88053	3.75177	-3.92635	3.67019	4.35587	-0.270721
1477010455950000	nan	nan	nan	nan	nan	radar	nan	-4.23729	3.88878	-4.01533	3.42616	4.35081	-0.300392
1477010456000000	nan	nan	nan	nan	nan	lidar	nan	-4.15119	3.21968	-4.10509	3.18248	4.34522	-0.329933
1477010456050000	nan	nan	nan	nan	nan	radar	nan	-4.27467	2.88187	-4.19571	2.93919	4.33908	-0.359331
1477010456100000	nan	nan	nan	nan	nan	lidar	nan	-4.32451	2.55034	-4.28727	2.69633	4.33241	-0.388573
1477010456150000	nan	nan	nan	nan	nan	radar	nan	-4.38481	2.39989	-4.37985	2.45393	4.32521	-0.417647
1477010456200000	nan	nan	nan	nan	nan	lidar	nan	-4.61223	2.09192	-4.47352	2.21205	4.31749	-0.446541
1477010456250000	nan	nan	nan	nan	nan	radar	nan	-4.29257	1.92854	-4.56836	1.97072	4.30924	-0.475242
1477010456300000	nan	nan	nan	nan	nan	lidar	nan	-4.86829	1.53442	-4.66444	1.72998	4.30047	-0.503737
1477010456350000	nan	nan	nan	nan	nan	radar	nan	-4.98165	1.43611	-4.76186	1.48989	4.29119	-0.532014
1477010456400000	nan	nan	nan	nan	nan	lidar	nan	-4.66779	1.28643	-4.86067	1.25049	4.2814	-0.560063
1477010456450000	nan	nan	nan	nan	nan	radar	nan	-4.98594	1.10894	-4.96094	1.01182	4.2711	-0.58787
1477010456500000	nan	nan	nan	nan	nan	lidar	nan	-4.85498	0.825662	-5.06277	0.77393	4.26031	-0.615424
1477010456550000	nan	nan	nan	nan	nan	radar	nan	-4.84736	0.18101	-5.16621	0.536876	4.24903	-0.642715
1477010456600000	nan	nan	nan	nan	nan	lidar	nan	-5.1231	0.257311	-5.27133	0.300706	4.23725	-0.669729
1477010456650000	nan	nan	nan	nan	nan	radar	nan	-5.99809	-0.290765	-5.3782	0.0654719	4.225	-0.696457
1477010456700000	nan	nan	nan	nan	nan	lidar	nan	-5.29972	-0.212982	-5.4869	-0.168772	4.21227	-0.722888
1477010456750000	nan	nan	nan	nan	nan	radar	nan	-5.64447	-0.144522	-5.59748	-0.401971	4.19907	-0.749011
1477010456800000	nan	nan	nan	nan	nan	lidar	nan	-5.85359	-0.445801	-5.71001	-0.634069	4.18541	-0.774816
1477010456850000	nan	nan	nan	nan	nan	radar	nan	-5.30947	-0.724468	-5.82456	-0.865006	4.17129	-0.800292
1477010456900000	nan	nan	nan	nan	nan	lidar	nan	-5.87835	-1.26863	-5.94118	-1.09472	4.15673	-0.825429
1477010456950000	nan	nan	nan	nan	nan	radar	nan	-5.68069	-1.52871	-6.05993	-1.32316	4.14172	-0.850218
1477010457000000	nan	nan	nan	nan	nan	lidar	nan	-6.27264	-1.50938	-6.18087	-1.55025	4.12629	-0.87465
1477010457050000	nan	nan	nan	nan	nan	radar	nan	-6.11355	-1.75966	-6.30406	-1.77593	4.11042	-0.898715
1477010457100000	nan	nan	nan	nan	nan	lidar	nan	-6.34007	-2.13685	-6.42954	-2.00014	4.09414	-0.922403
1477010457150000	nan	nan	nan	nan	nan	radar	nan	-6.99344	-2.17445	-6.55738	-2.22281	4.07745	-0.945708
1477010457200000	nan	nan	nan	nan	nan	lidar	nan	-6.79288	-2.4458	-6.68761	-2.44386	4.06035	-0.968618
1477010457250000	nan	nan	nan	nan	nan	radar	nan	-7.14408	-2.67584	-6.82029	-2.66323	4.04286	-0.991128
1477010457300000	nan	nan	nan	nan	nan	lidar	nan	-6.8003	-3.10086	-6.95546	-2.88084	4.02498	-1.01323
1477010457350000	nan	nan	nan	nan	nan	radar	nan	-7.13937	-3.22028	-7.09316	-3.09663	4.00673	-1.03491
1477010457400000	nan	nan	nan	nan	nan	lidar	nan	-7.12118	-3.26434	-7.23344	-3.31051	3.9881	-1.05617
1477010457450000	nan	nan	nan	nan	nan	radar	nan	-7.77186	-4.08999	-7.37632	-3.5224	3.96912	-1.077
1477010457500000	nan	nan	nan	nan	nan	lidar	nan	-7.49009	-3.49081	-7.52184	-3.73223	3.94978	-1.09739
1477010457550000	nan	nan	nan	nan	nan	radar	nan	-7.52393	-3.88213	-7.67004	-3.93992	3.9301	-1.11733
1477010457600000	nan	nan	nan	nan	nan	lidar	nan	-7.88049	-4.29783	-7.82094	-4.14539	3.91009	-1.13683
1477010457650000	nan	nan	nan	nan	nan	radar	nan	-8.08524	-4.57834	-7.97457	-4.34854	3.88974	-1.15586
1477010457700000	nan	nan	nan	nan	nan	lidar	nan	-8.22492	-4.79812	-8.13095	-4.5493	3.86909	-1.17444
1477010457750000	nan	nan	nan	nan	nan	radar	nan	-8.453	-4.95621	-8.29011	-4.74759	3.84812	-1.19254
1477010457800000	nan	nan	nan	nan	nan	lidar	nan	-8.33552	-5.1059	-8.45204	-4.94331	3.82686	-1.21018
1477010457850000	nan	nan	nan	nan	nan	radar	nan	-8.55062	-4.79248	-8.61678	-5.13637	3.8053	-1.22733
1477010457900000	nan	nan	nan	nan	nan	lidar	nan	-8.91477	-5.51752	-8.78433	-5.32669	3.78346	-1.244
1477010457950000	nan	nan	nan	nan	nan	radar	nan	-9.04115	-5.69364	-8.95469	-5.51417	3.76136	-1.26019
1477010458000000	nan	nan	nan	nan	nan	lidar	nan	-9.03391	-5.80267	-9.12788	-5.69872	3.73899	-1.27588
1477010458050000	nan	nan	nan	nan	nan	radar	nan	-8.86897	-5.41973	-9.30388	-5.88026	3.71636	-1.29109
1477010458100000	nan	nan	nan	nan	nan	lidar	nan	-9.30811	-5.82368	-9.4827	-6.05868	3.69349	-1.30579
1477010458150000	nan	nan	nan	nan	nan	radar	nan	-9.80646	-6.41174	-9.66432	-6.23389	3.67039	-1.31999
1477010458200000	nan	nan	nan	nan	nan	lidar	nan	-9.62547	-6.55958	-9.84874	-6.4058	3.64706	-1.33369
1477010458250000	nan	nan	nan	nan	nan	radar	nan	-10.6688	-6.35543	-10.0359	-6.57431	3.62351	-1.34689
1477010458300000	nan	nan	nan	nan	nan	lidar	nan	-10.2246	-6.83402	-10.2259	-6.73933	3.59976	-1.35957
1477010458350000	nan	nan	nan	nan	nan	radar	nan	-10.2205	-6.71044	-10.4186	-6.90075	3.5758	-1.37175
1477010458400000	nan	nan	nan	nan	nan	lidar	nan	-10.7616	-7.29159	-10.614	-7.05849	3.55166	-1.38342
1477010458450000	nan	nan	nan	nan	nan	radar	nan	-10.8944	-6.83335	-10.8121	-7.21245	3.52733	-1.39457
1477010458500000	nan	nan	nan	nan	nan	lidar	nan	-11.2219	-7.56979	-11.0128	-7.36252	3.50283	-1.40521
1477010458550000	nan	nan	nan	nan	nan	radar	nan	-10.986	-7.3707	-11.2161	-7.50861	3.47816	-1.41533
1477010458600000	nan	nan	nan	nan	nan	lidar	nan	-11.0934	-7.6776	-11.422	-7.65064	3.45334	-1.42495
1477010458650000	nan	nan	nan	nan	nan	radar	nan	-11.4213	-7.46085	-11.6304	-7.78849	3.42838	-1.43404
1477010458700000	nan	nan	nan	nan	nan	lidar	nan	-11.5269	-7.8215	-11.8413	-7.92208	3.40327	-1.44262
1477010458750000	nan	nan	nan	nan	nan	radar	nan	-11.9422	-7.88317	-12.0546	-8.05131	3.37803	-1.45069
1477010458800000	nan	nan	nan	nan	nan	lidar	nan	-12.09	-8.08828	-12.2702	-8.17609	3.35267	-1.45824
1477010458850000	nan	nan	nan	nan	nan	radar	nan	-12.4462	-8.02117	-12.4881	-8.29633	3.3272	-1.46528
1477010458900000	nan	nan	nan	nan	nan	lidar	nan	-12.4231	-8.2599	-12.7082	-8.41193	3.30162	-1.47181
1477010458950000	nan	nan	nan	nan	nan	radar	nan	-12.7461	-8.19449	-12.9304	-8.5228	3.27594	-1.47783
1477010459000000	nan	nan	nan	nan	nan	lidar	nan	-13.2911	-8.64594	-13.1547	-8.62886	3.25017	-1.48334
1477010459050000	nan	nan	nan	nan	nan	radar	nan	-13.7929	-8.47158	-13.381	-8.73002	3.22432	-1.48835
1477010459100000	nan	nan	nan	nan	nan	lidar	nan	-13.384	-8.57583	-13.6092	-8.82619	3.19839	-1.49285
1477010459150000	nan	nan	nan	nan	nan	radar	nan	-13.6376	-8.26343	-13.8392	-8.91729	3.1724	-1.49684
1477010459200000	nan	nan	nan	nan	nan	lidar	nan	-13.9959	-8.99264	-14.0709	-9.00324	3.14634	-1.50034
1477010459250000	nan	nan	nan	nan	nan	radar	nan	-14.4737	-8.79552	-14.3043	-9.08395	3.12023	-1.50335
1477010459300000	nan	nan	nan	nan	nan	lidar	nan	-14.4273	-9.1875	-14.5391	-9.15936	3.09407	-1.50585
1477010459350000	nan	nan	nan	nan	nan	radar	nan	-14.5757	-9.32634	-14.7754	-9.22939	3.06788	-1.50787
1477010459400000	nan	nan	nan	nan	nan	lidar	nan	-15.062	-9.04396	-15.013	-9.29397	3.04164	-1.50941
1477010459450000	nan	nan	nan	nan	nan	radar	nan	-15.6189	-9.69365	-15.2517	-9.35302	3.01538	-1.51046
1477010459500000	nan	nan	nan	nan	nan	lidar	nan	-15.6682	-9.56749	-15.4916	-9.40649	2.9891	-1.51103
1477010459550000	nan	nan	nan	nan	nan	radar	nan	-15.9381	-9.35751	-15.7324	-9.45431	2.96281	-1.51112
1477010459600000	nan	nan	nan	nan	nan	lidar	nan	-16.0862	-9.59819	-15.9741	-9.49642	2.9365	-1.51075
1477010459650000	nan	nan	nan	nan	nan	radar	nan	-16.6033	-8.85459	-16.2164	-9.53277	2.9102	-1.50991
1477010459700000	nan	nan	nan	nan	nan	lidar	nan	-16.4229	-9.37029	-16.4594	-9.5633	2.88389	-1.50861
1477010459750000	nan	nan	nan	nan	nan	radar	nan	-16.011	-9.33486	-16.7027	-9.58797	2.85759	-1.50685
1477010459800000	nan	nan	nan	nan	nan	lidar	nan	-17.1132	-9.43043	-16.9464	-9.60673	2.83131	-1.50465
1477010459850000	nan	nan	nan	nan	nan	radar	nan	-16.9255	-10.8571	-17.1903	-9.61954	2.80504	-1.50199
1477010459900000	nan	nan	nan	nan	nan	lidar	nan	-17.5448	-9.57485	-17.4342	-9.62636	2.7788	-1.4989
1477010459950000	nan	nan	nan	nan	nan	radar	nan	-18.1371	-9.39146	-17.6781	-9.62717	2.75258	-1.49537
1477010460000000	nan	nan	nan	nan	nan	lidar	nan	-17.9724	-9.42299	-17.9216	-9.62194	2.7264	-1.49142
1477010460050000	nan	nan	nan	nan	nan	radar	nan	-18.3083	-9.18778	-18.1648	-9.61064	2.70025	-1.48704
1477010460100000	nan	nan	nan	nan	nan	lidar	nan	-18.2763	-9.60997	-18.4074	-9.59325	2.67415	-1.48224
1477010460150000	nan	nan	nan	nan	nan	radar	nan	-18.2443	-9.58547	-18.6493	-9.56977	2.64809	-1.47704
1477010460200000	nan	nan	nan	nan	nan	lidar	nan	-18.9545	-9.51544	-18.8904	-9.54017	2.62208	-1.47143
1477010460250000	nan	nan	nan	nan	nan	radar	nan	-18.6983	-9.02886	-19.1305	-9.50446	2.59612	-1.46542
1477010460300000	nan	nan	nan	nan	nan	lidar	nan	-19.2983	-9.09865	-19.3694	-9.46265	2.57021	-1.45902
1477010460350000	nan	nan	nan	nan	nan	radar	nan	-19.7037	-8.79906	-19.6069	-9.41472	2.54437	-1.45224
1477010460400000	nan	nan	nan	nan	nan	lidar	nan	-19.8731	-8.96417	-19.8431	-9.36071	2.51859	-1.44507
1477010460450000	nan	nan	nan	nan	nan	radar	nan	-20.3815	-7.67549	-20.0775	-9.30061	2.49288	-1.43754
1477010460500000	nan	nan	nan	nan	nan	lidar	nan	-20.1607	-9.59663	-20.3102	-9.23446	2.46723	-1.42965
1477010460550000	nan	nan	nan	nan	nan	radar	nan	-20.4587	-9.7448	-20.5409	-9.16227	2.44166	-1.4214
1477010460600000	nan	nan	nan	nan	nan	lidar	nan	-20.6596	-8.91527	-20.7695	-9.08408	2.41616	-1.4128
1477010460650000	nan	nan	nan	nan	nan	radar	nan	-21.5568	-8.5005	-20.9959	-8.99994	2.39073	-1.40386
1477010460700000	nan	nan	nan	nan	nan	lidar	nan	-21.0195	-8.85082	-21.2198	-8.90987	2.36539	-1.39458
1477010460750000	nan	nan	nan	nan	nan	radar	nan	-21.8628	-8.64129	-21.4412	-8.81393	2.34012	-1.38498
1477010460800000	nan	nan	nan	nan	nan	lidar	nan	-21.5029	-8.87191	-21.6597	-8.71217	2.31494	-1.37506
1477010460850000	nan	nan	nan	nan	nan	radar	nan	-21.9514	-7.41274	-21.8754	-8.60465	2.28985	-1.36482
1477010460900000	nan	nan	nan	nan	nan	lidar	nan	-21.9793	-8.57089	-22.088	-8.49143	2.26484	-1.35429
1477010460950000	nan	nan	nan	nan	nan	radar	nan	-22.1914	-7.70392	-22.2975	-8.37258	2.23991	-1.34346
1477010461000000	nan	nan	nan	nan	nan	lidar	nan	-22.5838	-8.35296	-22.5035	-8.24817	2.21508	-1.33234
1477010461050000	nan	nan	nan	nan	nan	radar	nan	-22.3177	-8.57758	-22.7061	-8.11829	2.19034	-1.32094
1477010461100000	nan	nan	nan	nan	nan	lidar	nan	-22.9861	-7.6724	-22.9049	-7.98301	2.16569	-1.30927
1477010461150000	nan	nan	nan	nan	nan	radar	nan	-23.2693	-8.32031	-23.1	-7.84243	2.14113	-1.29733
1477010461200000	nan	nan	nan	nan	nan	lidar	nan	-23.4777	-7.56583	-23.2911	-7.69663	2.11667	-1.28514
1477010461250000	nan	nan	nan	nan	nan	radar	nan	-23.473	-7.02103	-23.4781	-7.54572	2.0923	-1.27271
1477010461300000	nan	nan	nan	nan	nan	lidar	nan	-23.5408	-7.36069	-23.6609	-7.3898	2.06803	-1.26003
1477010461350000	nan	nan	nan	nan	nan	radar	nan	-24.0505	-6.56969	-23.8393	-7.22897	2.04385	-1.24713
1477010461400000	nan	nan	nan	nan	nan	lidar	nan	-23.9384	-7.26171	-24.0132	-7.06336	2.01977	-1.234
1477010461450000	nan	nan	nan	nan	nan	radar	nan	-24.3577	-5.94086	-24.1825	-6.89307	1.99579	-1.22065
1477010461500000	nan	nan	nan	nan	nan	lidar	nan	-24.2574	-6.4352	-24.347	-6.71823	1.97191	-1.2071
1477010461550000	nan	nan	nan	nan	nan	radar	nan	-24.788	-7.18367	-24.5066	-6.53895	1.94812	-1.19335
1477010461600000	nan	nan	nan	nan	nan	lidar	nan	-24.3008	-6.43799	-24.6612	-6.35538	1.92443	-1.17942
1477010461650000	nan	nan	nan	nan	nan	radar	nan	-24.6108	-6.00878	-24.8107	-6.16764	1.90084	-1.1653
1477010461700000	nan	nan	nan	nan	nan	lidar	nan	-25.146	-5.91902	-24.955	-5.97587	1.87735	-1.15101
1477010461750000	nan	nan	nan	nan	nan	radar	nan	-24.8975	-5.02285	-25.094	-5.7802	1.85395	-1.13656
1477010461800000	nan	nan	nan	nan	nan	lidar	nan	-25.1941	-5.64372	-25.2276	-5.58079	1.83065	-1.12195
1477010461850000	nan	nan	nan	nan	nan	radar	nan	-25.5328	-5.4399	-25.3556	-5.37777	1.80745	-1.10719
1477010461900000	nan	nan	nan	nan	nan	lidar	nan	-25.5712	-5.10241	-25.4779	-5.1713	1.78435	-1.09229
1477010461950000	nan	nan	nan	nan	nan	radar	nan	-25.0178	-6.55904	-25.5946	-4.96152	1.76135	-1.07726
1477010462000000	nan	nan	nan	nan	nan	lidar	nan	-25.6952	-4.89995	-25.7055	-4.7486	1.73844	-1.06211
1477010462050000	nan	nan	nan	nan	nan	radar	nan	-25.8162	-4.40681	-25.8105	-4.53268	1.71563	-1.04685
1477010462100000	nan	nan	nan	nan	nan	lidar	nan	-25.9516	-4.26659	-25.9096	-4.31392	1.69292	-1.03148
1477010462150000	nan	nan	nan	nan	nan	radar	nan	-26.8953	-4.43966	-26.0027	-4.0925	1.6703	-1.01601
1477010462200000	nan	nan	nan	nan	nan	lidar	nan	-26.1198	-3.67723	-26.0897	-3.86856	1.64778	-1.00046
1477010462250000	nan	nan	nan	nan	nan	radar	nan	-26.5652	-3.85723	-26.1706	-3.64227	1.62536	-0.984821
1477010462300000	nan	nan	nan	nan	nan	lidar	nan	-25.9974	-3.24722	-26.2453	-3.4138	1.60303	-0.969111
1477010462350000	nan	nan	nan	nan	nan	radar	nan	-26.2976	-3.01078	-26.3138	-3.18332	1.58079	-0.953336
1477010462400000	nan	nan	nan	nan	nan	lidar	nan	-26.1741	-2.87885	-26.376	-2.95098	1.55865	-0.937505
1477010462450000	nan	nan	nan	nan	nan	radar	nan	-26.4681	-3.44967	-26.4319	-2.71697	1.53661	-0.921626
1477010462500000	nan	nan	nan	nan	nan	lidar	nan	-26.674	-2.73852	-26.4815	-2.48143	1.51465	-0.905707
1477010462550000	nan	nan	nan	nan	nan	radar	nan	-26.657	-1.72382	-26.5247	-2.24456	1.49279	-0.889755
1477010462600000	nan	nan	nan	nan	nan	lidar	nan	-26.6691	-2.17333	-26.5616	-2.0065	1.47103	-0.873778
1477010462650000	nan	nan	nan	nan	nan	radar	nan	-26.3248	-1.32261	-26.5921	-1.76744	1.44935	-0.857785
1477010462700000	nan	nan	nan	nan	nan	lidar	nan	-26.4671	-1.53207	-26.6161	-1.52753	1.42777	-0.841783
1477010462750000	nan	nan	nan	nan	nan	radar	nan	-26.4998	-2.19525	-26.6338	-1.28695	1.40628	-0.825781
1477010462800000	nan	nan	nan	nan	nan	lidar	nan	-26.5998	-1.14277	-26.6451	-1.04586	1.38489	-0.809784
1477010462850000	nan	nan	nan	nan	nan	radar	nan	-27.2008	-1.67678	-26.65	-0.804425	1.36358	-0.793802
1477010462900000	nan	nan	nan	nan	nan	lidar	nan	-26.7355	-0.59539	-26.6485	-0.562812	1.34237	-0.777843
1477010462950000	nan	nan	nan	nan	nan	radar	nan	-26.9891	0.0351491	-26.6406	-0.321181	1.32125	-0.761912
1477010463000000	nan	nan	nan	nan	nan	lidar	nan	-26.4553	0.0602653	-26.6264	-0.0796947	1.30022	-0.746018
1477010463050000	nan	nan	nan	nan	nan	radar	nan	-26.9537	0.136944	-26.6059	0.161489	1.27928	-0.730167
1477010463100000	nan	nan	nan	nan	nan	lidar	nan	-26.6201	0.57588	-26.5792	0.402213	1.25843	-0.714368
1477010463150000	nan	nan	nan	nan	nan	radar	nan	-26.8241	0.381508	-26.5462	0.642323	1.23768	-0.698628
1477010463200000	nan	nan	nan	nan	nan	lidar	nan	-26.7293	1.06082	-26.5069	0.881666	1.21702	-0.682952
1477010463250000	nan	nan	nan	nan	nan	radar	nan	-25.9562	2.60409	-26.4616	1.12009	1.19645	-0.667349
1477010463300000	nan	nan	nan	nan	nan	lidar	nan	-26.3986	1.42212	-26.4101	1.35745	1.17597	-0.651826
1477010463350000	nan	nan	nan	nan	nan	radar	nan	-26.5072	-0.563929	-26.3526	1.59361	1.15559	-0.636387
1477010463400000	nan	nan	nan	nan	nan	lidar	nan	-26.3594	1.79315	-26.2891	1.82841	1.1353	-0.621042
1477010463450000	nan	nan	nan	nan	nan	radar	nan	-26.3475	1.82827	-26.2197	2.06173	1.11511	-0.605796
1477010463500000	nan	nan	nan	nan	nan	lidar	nan	-26.2502	2.18481	-26.1444	2.29342	1.09501	-0.590655
1477010463550000	nan	nan	nan	nan	nan	radar	nan	-26.069	2.27896	-26.0633	2.52336	1.07501	-0.575626
1477010463600000	nan	nan	nan	nan	nan	lidar	nan	-26.0641	2.80701	-25.9765	2.75141	1.0551	-0.560715
1477010463650000	nan	nan	nan	nan	nan	radar	nan	-26.3234	3.02388	-25.884	2.97746	1.0353	-0.545928
1477010463700000	nan	nan	nan	nan	nan	lidar	nan	-25.8345	3.42005	-25.786	3.20139	1.01559	-0.53127
1477010463750000	nan	nan	nan	nan	nan	radar	nan	-26.1824	3.73376	-25.6826	3.42306	0.995982	-0.516749
1477010463800000	nan	nan	nan	nan	nan	lidar	nan	-25.6666	3.63509	-25.5737	3.64238	0.976476	-0.502369
1477010463850000	nan	nan	nan	nan	nan	radar	nan	-25.5773	3.13316	-25.4596	3.85924	0.957073	-0.488137
1477010463900000	nan	nan	nan	nan	nan	lidar	nan	-25.7492	3.99967	-25.3402	4.07353	0.937775	-0.474056
1477010463950000	nan	nan	nan	nan	nan	radar	nan	-25.3516	3.75691	-25.2157	4.28514	0.918583	-0.460133
1477010464000000	nan	nan	nan	nan	nan	lidar	nan	-25.0214	4.52803	-25.0862	4.49399	0.899499	-0.446373
1477010464050000	nan	nan	nan	nan	nan	radar	nan	-24.2719	4.30917	-24.9518	4.69998	0.880524	-0.432781
1477010464100000	nan	nan	nan	nan	nan	lidar	nan	-25.0363	4.88499	-24.8126	4.90303	0.86166	-0.419361
1477010464150000	nan	nan	nan	nan	nan	radar	nan	-24.3609	4.95947	-24.6686	5.10304	0.84291	-0.406119
1477010464200000	nan	nan	nan	nan	nan	lidar	nan	-24.5041	5.35293	-24.5201	5.29995	0.824275	-0.393058
1477010464250000	nan	nan	nan	nan	nan	radar	nan	-24.4379	5.24592	-24.367	5.49367	0.805758	-0.380184
1477010464300000	nan	nan	nan	nan	nan	lidar	nan	-24.1159	5.61152	-24.2095	5.68415	0.787361	-0.3675
1477010464350000	nan	nan	nan	nan	nan	radar	nan	-24.5638	4.75836	-24.0477	5.8713	0.769086	-0.35501
1477010464400000	nan	nan	nan	nan	nan	lidar	nan	-23.9153	5.94377	-23.8818	6.05508	0.750936	-0.342719
1477010464450000	nan	nan	nan	nan	nan	radar	nan	-23.5491	6.44495	-23.7117	6.23542	0.732913	-0.33063
1477010464500000	nan	nan	nan	nan	nan	lidar	nan	-23.6471	6.29102	-23.5377	6.41227	0.71502	-0.318746
1477010464550000	nan	nan	nan	nan	nan	radar	nan	-23.7544	6.53746	-23.3598	6.58559	0.69726	-0.30707
1477010464600000	nan	nan	nan	nan	nan	lidar	nan	-23.0099	6.86182	-23.1781	6.75533	0.679636	-0.295607
1477010464650000	nan	nan	nan	nan	nan	radar	nan	-22.7862	5.74144	-22.9928	6.92146	0.66215	-0.284359
1477010464700000	nan	nan	nan	nan	nan	lidar	nan	-22.6991	7.063	-22.804	7.08393	0.644806	-0.273329
1477010464750000	nan	nan	nan	nan	nan	radar	nan	-22.418	6.76159	-22.6117	7.24273	0.627606	-0.262519
1477010464800000	nan	nan	nan	nan	nan	lidar	nan	-22.5083	7.31524	-22.4161	7.39781	0.610555	-0.251932
1477010464850000	nan	nan	nan	nan	nan	radar	nan	-22.0543	7.85452	-22.2173	7.54917	0.593655	-0.24157
1477010464900000	nan	nan	nan	nan	nan	lidar	nan	-22.1947	7.69478	-22.0154	7.69679	0.576909	-0.231435
1477010464950000	nan	nan	nan	nan	nan	radar	nan	-21.6178	9.0351	-21.8105	7.84064	0.560322	-0.221529
1477010465000000	nan	nan	nan	nan	nan	lidar	nan	-21.6473	7.94	-21.6026	7.98072	0.543896	-0.211854
1477010465050000	nan	nan	nan	nan	nan	radar	nan	-21.8637	7.78661	-21.392	8.11703	0.527635	-0.202411
1477010465100000	nan	nan	nan	nan	nan	lidar	nan	-21.0852	7.8323	-21.1787	8.24957	0.511544	-0.193202
1477010465150000	nan	nan	nan	nan	nan	radar	nan	-20.5503	9.28616	-20.9628	8.37833	0.495624	-0.184227
1477010465200000	nan	nan	nan	nan	nan	lidar	nan	-21.0519	8.50983	-20.7445	8.50333	0.479882	-0.175488
1477010465250000	nan	nan	nan	nan	nan	radar	nan	-19.9265	9.40847	-20.5237	8.62457	0.464319	-0.166984
1477010465300000	nan	nan	nan	nan	nan	lidar	nan	-20.21	8.68914	-20.3006	8.74206	0.448941	-0.158718
1477010465350000	nan	nan	nan	nan	nan	radar	nan	-20.2277	8.8532	-20.0754	8.85583	0.433751	-0.150688
1477010465400000	nan	nan	nan	nan	nan	lidar	nan	-20.0633	8.86724	-19.848	8.96589	0.418753	-0.142894
1477010465450000	nan	nan	nan	nan	nan	radar	nan	-19.9264	8.7818	-19.6186	9.07227	0.403951	-0.135338
1477010465500000	nan	nan	nan	nan	nan	lidar	nan	-19.4861	8.96664	-19.3873	9.17499	0.38935	-0.128018
1477010465550000	nan	nan	nan	nan	nan	radar	nan	-18.5719	10.2069	-19.1542	9.27409	0.374953	-0.120934
1477010465600000	nan	nan	nan	nan	nan	lidar	nan	-18.6786	9.19191	-18.9193	9.36959	0.360764	-0.114085
1477010465650000	nan	nan	nan	nan	nan	radar	nan	-19.2825	8.98189	-18.6827	9.46154	0.346788	-0.10747
1477010465700000	nan	nan	nan	nan	nan	lidar	nan	-18.4242	9.46852	-18.4446	9.54997	0.333028	-0.101089
1477010465750000	nan	nan	nan	nan	nan	radar	nan	-18.1634	8.72444	-18.2049	9.63492	0.31949	-0.0949386
1477010465800000	nan	nan	nan	nan	nan	lidar	nan	-17.7736	9.72478	-17.9639	9.71643	0.306177	-0.0890185
1477010465850000	nan	nan	nan	nan	nan	radar	nan	-17.2296	9.97767	-17.7214	9.79457	0.293093	-0.0833268
1477010465900000	nan	nan	nan	nan	nan	lidar	nan	-17.3436	9.88109	-17.4777	9.86936	0.280243	-0.0778614
1477010465950000	nan	nan	nan	nan	nan	radar	nan	-17.1554	10.212	-17.2328	9.94087	0.267631	-0.0726202
1477010466000000	nan	nan	nan	nan	nan	lidar	nan	-16.8876	10.145	-16.9868	10.0091	0.255261	-0.0676008
1477010466050000	nan	nan	nan	nan	nan	radar	nan	-16.5958	10.1078	-16.7396	10.0743	0.243136	-0.0628006
1477010466100000	nan	nan	nan	nan	nan	lidar	nan	-16.5153	10.3091	-16.4915	10.1363	0.231263	-0.0582168
1477010466150000	nan	nan	nan	nan	nan	radar	nan	-16.09	10.5824	-16.2424	10.1952	0.219643	-0.0538466
1477010466200000	nan	nan	nan	nan	nan	lidar	nan	-16.0059	10.1843	-15.9924	10.2511	0.208282	-0.0496867
1477010466250000	nan	nan	nan	nan	nan	radar	nan	-15.7234	10.41	-15.7416	10.3041	0.197183	-0.0457339
1477010466300000	nan	nan	nan	nan	nan	lidar	nan	-15.5699	10.1904	-15.4899	10.3543	0.186351	-0.0419846
1477010466350000	nan	nan	nan	nan	nan	radar	nan	-14.2385	10.9109	-15.2376	10.4016	0.175789	-0.0384351
1477010466400000	nan	nan	nan	nan	nan	lidar	nan	-14.9365	10.4722	-14.9846	10.4462	0.165502	-0.0350815
1477010466450000	nan	nan	nan	nan	nan	radar	nan	-14.724	9.63506	-14.7309	10.4882	0.155493	-0.0319198
1477010466500000	nan	nan	nan	nan	nan	lidar	nan	-14.4088	10.222	-14.4766	10.5276	0.145766	-0.0289457
1477010466550000	nan	nan	nan	nan	nan	radar	nan	-13.9005	10.5238	-14.2218	10.5645	0.136324	-0.0261548
1477010466600000	nan	nan	nan	nan	nan	lidar	nan	-13.8049	10.9383	-13.9665	10.5989	0.127172	-0.0235425
1477010466650000	nan	nan	nan	nan	nan	radar	nan	-13.3956	10.7857	-13.7107	10.631	0.118313	-0.0211041
1477010466700000	nan	nan	nan	nan	nan	lidar	nan	-13.3556	10.5517	-13.4545	10.6608	0.10975	-0.0188347
1477010466750000	nan	nan	nan	nan	nan	radar	nan	-12.9374	10.8137	-13.1979	10.6884	0.101487	-0.0167293
1477010466800000	nan	nan	nan	nan	nan	lidar	nan	-12.9591	11.0099	-12.9409	10.7138	0.0935269	-0.0147826
1477010466850000	nan	nan	nan	nan	nan	radar	nan	-12.2518	11.2495	-12.6836	10.7373	0.0858731	-0.0129893
1477010466900000	nan	nan	nan	nan	nan	lidar	nan	-12.3713	10.6091	-12.426	10.7587	0.0785286	-0.0113439
1477010466950000	nan	nan	nan	nan	nan	radar	nan	-11.9352	10.9161	-12.1681	10.7783	0.0714965	-0.0098407
1477010467000000	nan	nan	nan	nan	nan	lidar	nan	-11.9451	11.0515	-11.91	10.7961	0.0647797	-0.00847403
1477010467050000	nan	nan	nan	nan	nan	radar	nan	-10.9703	10.9676	-11.6516	10.8121	0.0583809	-0.00723797
1477010467100000	nan	nan	nan	nan	nan	lidar	nan	-11.4548	10.9407	-11.393	10.8265	0.0523028	-0.00612651
1477010467150000	nan	nan	nan	nan	nan	radar	nan	-11.3472	10.5111	-11.1342	10.8394	0.046548	-0.00513352
1477010467200000	nan	nan	nan	nan	nan	lidar	nan	-10.6009	10.6822	-10.8753	10.8509	0.0411189	-0.00425277
1477010467250000	nan	nan	nan	nan	nan	radar	nan	-10.6563	10.8369	-10.6161	10.8609	0.0360177	-0.00347791
1477010467300000	nan	nan	nan	nan	nan	lidar	nan	-10.4142	10.8747	-10.3569	10.8697	0.0312467	-0.00280251
1477010467350000	nan	nan	nan	nan	nan	radar	nan	-9.90413	11.2255	-10.0976	10.8772	0.0268078	-0.00222002
1477010467400000	nan	nan	nan	nan	nan	lidar	nan	-9.83445	11.1032	-9.83808	10.8837	0.022703	-0.00172384
1477010467450000	nan	nan	nan	nan	nan	radar	nan	-10.195	10.3498	-9.57852	10.8891	0.0189341	-0.00130726
1477010467500000	nan	nan	nan	nan	nan	lidar	nan	-9.3066	11.0348	-9.31887	10.8936	0.0155026	-0.000963497
1477010467550000	nan	nan	nan	nan	nan	radar	nan	-9.2226	10.3527	-9.05915	10.8972	0.01241	-0.000685715
1477010467600000	nan	nan	nan	nan	nan	lidar	nan	-8.78899	11.0707	-8.79937	10.9001	0.00965769	-0.000467005
1477010467650000	nan	nan	nan	nan	nan	radar	nan	-8.83914	10.0319	-8.53954	10.9023	0.00724685	-0.000300407
1477010467700000	nan	nan	nan	nan	nan	lidar	nan	-8.62045	10.6577	-8.27965	10.9039	0.00517849	-0.000178909
1477010467750000	nan	nan	nan	nan	nan	radar	nan	-7.91543	11.1157	-8.01974	10.905	0.00345352	-9.54602e-05
1477010467800000	nan	nan	nan	nan	nan	lida