1477010443000000	0.312243	0.58034	0	0	0	lidar	4.77712e-320	0.312243	0.58034	0.6	0.6	0	0
1477010443050000	0.735335	0.629467	7.20389	9.78669e-18	5.42626e-17	radar	74.6701	0.862916	0.534212	0.859997	0.600045	0.000345533	4.77611e-06
1477010443100000	1.1605	0.494943	7.20697	-0.127191	-0.0118556	lidar	0.220993	1.17385	0.481073	1.11998	0.600225	0.00103642	2.14877e-05
1477010443150000	1.25801	0.533086	7.19218	0.122699	0.0306249	radar	1.82499	0.969149	0.397513	1.37996	0.600629	0.00207233	5.72822e-05
1477010443200000	1.61582	0.595358	7.20568	0.161523	0.0462382	lidar	0.167368	1.65063	0.62469	1.6399	0.601347	0.00345278	0.000119289
1477010443250000	1.85111	0.561912	6.00965	0.025512	-0.233142	radar	7.68468	1.62331	0.499091	1.89982	0.60247	0.00517714	0.00021461
1477010443300000	2.16294	0.591299	6.0093	0.0402	-0.177436	lidar	0.253712	2.18882	0.648739	2.1597	0.604086	0.0072446	0.000350319
1477010443350000	2.37882	0.637246	5.60524	0.0562395	-0.339574	radar	6.26928	1.96701	0.557116	2.41954	0.606284	0.00965425	0.000533446
1477010443400000	2.65608	0.654386	5.60269	0.0450079	-0.318006	lidar	0.00824507	2.65526	0.66598	2.67932	0.609155	0.012405	0.00077098
1477010443450000	2.92255	0.64799	5.53717	-0.00267837	-0.470826	radar	0.416874	2.92034	0.645898	2.93904	0.612786	0.0154956	0.00106986
1477010443500000	3.15842	0.643645	5.49299	-0.0160349	-0.436211	lidar	1.1996	3.01222	0.637046	3.19869	0.617267	0.0189247	0.00143695
1477010443550000	3.44396	0.539687	5.52544	-0.164437	-0.850224	radar	1.27351	3.56096	0.485311	3.45825	0.622686	0.0226907	0.00187908
1477010443600000	3.74708	0.427411	5.59192	-0.283296	-1.07203	lidar	2.08602	3.89365	0.311793	3.71772	0.629131	0.026792	0.00240297
1477010443650000	4.0279	0.511592	5.55314	-0.146424	-0.548733	radar	4.15181	4.19786	0.698311	3.97708	0.636689	0.0312269	0.0030153
1477010443700000	4.3018	0.503568	5.53507	-0.139379	-0.465412	lidar	0.374025	4.30935	0.578564	4.23632	0.645449	0.0359932	0.00372264
1477010443750000	4.56249	0.539409	5.45278	-0.0991067	-0.328604	radar	2.09211	4.61908	0.68951	4.49542	0.655498	0.0410891	0.00453149
1477010443800000	4.75221	0.645719	5.2916	0.00129807	-0.0850318	lidar	12.9476	4.35143	0.899174	4.75437	0.666921	0.0465122	0.00544822
1477010443850000	5.00451	0.64423	5.22524	-0.00719523	-0.0950363	radar	1.93678	5.20902	0.66599	5.01316	0.679804	0.0522603	0.00647915
1477010443900000	5.30485	0.641648	5.27526	-0.013251	-0.0973125	lidar	2.42071	5.51893	0.648233	5.27175	0.694234	0.0583309	0.00763044
1477010443950000	5.56277	0.649368	5.29264	-0.00731836	-0.076973	radar	1.72746	5.22835	0.639362	5.53013	0.710295	0.0647214	0.00890818
1477010444000000	5.85596	0.666158	5.32562	0.00143177	-0.0559242	lidar	1.55923	6.022	0.708619	5.78828	0.728071	0.0714292	0.0103183
1477010444050000	6.09896	0.59232	5.26292	-0.0524945	-0.139981	radar	3.72376	5.89392	0.373584	6.04618	0.747646	0.0784513	0.0118667
1477010444100000	6.3546	0.706391	5.23643	0.0230768	-0.0123782	lidar	4.0105	6.34249	0.948833	6.30379	0.769103	0.085785	0.013559
1477010444150000	6.60546	0.737487	5.19759	0.0373868	0.00927688	radar	0.675694	6.62134	0.836138	6.56111	0.792523	0.0934271	0.0154007
1477010444200000	6.85267	0.736848	5.18365	0.0319942	0.000981956	lidar	0.29185	6.78214	0.714036	6.81808	0.817988	0.101375	0.0173974
1477010444250000	7.0967	0.719823	5.10858	0.0160408	-0.0230627	radar	3.11119	7.29121	0.630741	7.07469	0.845578	0.109624	0.0195543
1477010444300000	7.31719	0.804585	5.06171	0.0610999	0.0403566	lidar	3.29603	7.13735	0.957217	7.3309	0.875372	0.118173	0.0218765
1477010444350000	7.60737	0.815747	5.15454	0.0604093	0.0371639	radar	4.21352	8.08349	0.819605	7.58668	0.907449	0.127016	0.024369
1477010444400000	7.85704	0.795228	5.14588	0.0430416	0.0119983	lidar	0.51513	7.80533	0.719126	7.84199	0.941886	0.136152	0.0270366
1477010444450000	8.10745	0.812373	5.09488	0.0459948	0.0137804	radar	2.42632	8.40453	0.884557	8.0968	0.978758	0.145576	0.0298841
1477010444500000	8.34474	0.830981	5.07397	0.050716	0.0191452	lidar	0.494907	8.24796	0.840322	8.35106	1.01814	0.155285	0.0329159
1477010444550000	8.61178	0.918618	5.15079	0.0905849	0.0703119	radar	6.9872	8.45858	1.41118	8.60472	1.06011	0.165275	0.0361362
1477010444600000	8.84853	0.978688	5.12789	0.113069	0.0945975	lidar	0.883588	8.74615	1.04858	8.85775	1.10473	0.175542	0.0395494
1477010444650000	9.13649	1.01704	5.18183	0.120924	0.0980751	radar	6.70096	9.8809	1.1419	9.1101	1.15208	0.186083	0.0431593
1477010444700000	9.37327	1.05132	5.15698	0.127875	0.100959	lidar	0.717377	9.25579	1.04913	9.36172	1.20223	0.196892	0.0469698
1477010444750000	9.65115	1.12374	5.20584	0.150956	0.123368	radar	4.54108	10.1016	1.52474	9.61255	1.25524	0.207968	0.0509844
1477010444800000	9.92274	1.25302	5.23501	0.199918	0.177033	lidar	3.20599	10.0484	1.44598	9.86254	1.31118	0.219305	0.0552067
1477010444850000	10.1718	1.34428	5.18715	0.229217	0.204735	radar	4.69198	10.5377	1.72555	10.1116	1.37011	0.2309	0.0596399
1477010444900000	10.3969	1.42647	5.15782	0.251832	0.220904	lidar	1.22448	10.2492	1.45907	10.3598	1.4321	0.242748	0.064287
1477010444950000	10.6297	1.51404	5.08233	0.27762	0.243326	radar	4.04261	10.9084	1.70343	10.6069	1.49721	0.254845	0.0691508
1477010445000000	10.8561	1.54575	5.05104	0.272458	0.222038	lidar	1.33545	10.7313	1.45265	10.853	1.56549	0.267188	0.0742341
1477010445050000	11.1207	1.59756	5.08805	0.272472	0.206646	radar	1.89323	11.4783	1.42876	11.0979	1.637	0.279772	0.0795394
1477010445100000	11.3992	1.64325	5.12303	0.268158	0.187498	lidar	1.91994	11.587	1.61462	11.3416	1.71179	0.292592	0.0850689
1477010445150000	11.6309	1.70219	5.08039	0.275245	0.186128	radar	0.907615	11.4763	1.53917	11.584	1.78992	0.305646	0.0908247
1477010445200000	11.8613	1.76672	5.06214	0.283291	0.184804	lidar	0.376099	11.7788	1.74591	11.8251	1.87144	0.318928	0.0968087
1477010445250000	12.1158	1.85691	5.11298	0.298444	0.190161	radar	1.3796	12.136	2.14937	12.0648	1.95639	0.332435	0.103023
1477010445300000	12.3591	1.88474	5.09475	0.285097	0.16158	lidar	0.732683	12.3226	1.78353	12.3029	2.04482	0.346162	0.109468
1477010445350000	12.6143	1.94522	5.13414	0.284587	0.148673	radar	0.991116	12.5457	1.77728	12.5394	2.13677	0.360106	0.116146
1477010445400000	12.8142	2.08065	5.10279	0.326752	0.192617	lidar	3.2968	12.5924	2.17509	12.7743	2.23227	0.374261	0.123057
1477010445450000	13.0793	2.18723	5.18676	0.341505	0.194757	radar	3.54694	13.2198	2.66441	13.0075	2.33136	0.388625	0.130203
1477010445500000	13.2821	2.32909	5.16052	0.381494	0.232913	lidar	2.49373	13.0875	2.40708	13.2388	2.43409	0.403192	0.137584
1477010445550000	13.4628	2.47838	5.06259	0.429768	0.285486	radar	10.769	12.7087	3.12439	13.4682	2.54047	0.417959	0.145201
1477010445600000	13.712	2.5923	5.08994	0.444399	0.285524	lidar	0.851744	13.836	2.62479	13.6955	2.65053	0.432922	0.153054
1477010445650000	13.9315	2.70746	5.07194	0.463081	0.292536	radar	0.199998	13.8302	2.73893	13.9208	2.7643	0.448076	0.161143
1477010445700000	14.1597	2.85971	5.09524	0.494252	0.312633	lidar	0.559134	14.2105	2.94205	14.1439	2.88179	0.463419	0.169467
1477010445750000	14.409	2.96775	5.15491	0.493973	0.286159	radar	1.57633	14.5568	2.87021	14.3646	3.00303	0.478945	0.178027
1477010445800000	14.6169	3.03914	5.1031	0.488126	0.262234	lidar	2.2725	14.4616	2.90734	14.583	3.12802	0.494652	0.186822
1477010445850000	14.8472	3.19157	5.15817	0.510605	0.268978	radar	3.82246	14.6754	3.96041	14.7989	3.25679	0.510535	0.195852
1477010445900000	15.0538	3.38356	5.18058	0.555389	0.307196	lidar	1.08259	15.0261	3.5067	15.0122	3.38932	0.526591	0.205114
1477010445950000	15.2644	3.55136	5.17187	0.588232	0.332586	radar	2.48784	15.3685	4.14761	15.2228	3.52563	0.542815	0.214608
1477010446000000	15.4776	3.73749	5.20044	0.622374	0.353545	lidar	0.635759	15.5236	3.82936	15.4306	3.66572	0.559205	0.224333
1477010446050000	15.6894	3.87229	5.18858	0.631912	0.343879	radar	0.989624	15.7234	3.4105	15.6356	3.80957	0.575757	0.234287
1477010446100000	15.9117	4.0138	5.19385	0.640472	0.333221	lidar	0.249749	15.9774	4.00094	15.8375	3.95718	0.592467	0.244468
1477010446150000	16.1069	4.17969	5.15522	0.669602	0.356791	radar	1.77022	16.3376	4.21632	16.0363	4.10854	0.609332	0.254875
1477010446200000	16.3046	4.373	5.17864	0.700719	0.3725	lidar	0.360349	16.3313	4.44499	16.2319	4.26363	0.626349	0.265505
1477010446250000	16.5146	4.53698	5.19441	0.713035	0.363005	radar	0.661478	16.7586	4.48231	16.4242	4.42242	0.643514	0.276356
1477010446300000	16.6937	4.7043	5.17555	0.73327	0.36593	lidar	0.467931	16.6039	4.67344	16.613	4.5849	0.660825	0.287425
1477010446350000	16.8455	4.90268	5.09813	0.783718	0.423619	radar	4.57887	16.9236	5.10119	16.7983	4.75103	0.678278	0.298711
1477010446400000	17.0103	5.12552	5.12377	0.823729	0.445876	lidar	0.499876	16.9955	5.21099	16.9799	4.92077	0.69587	0.310209
1477010446450000	17.1795	5.29923	5.09418	0.844057	0.448231	radar	1.78212	17.3421	4.64623	17.1578	5.09409	0.713599	0.321916
1477010446500000	17.3402	5.47831	5.07593	0.863481	0.445081	lidar	0.234604	17.2894	5.43542	17.3319	5.27094	0.731461	0.333831
1477010446550000	17.4953	5.65207	5.03193	0.885171	0.451343	radar	3.32325	17.6463	4.74597	17.5019	5.45128	0.749454	0.345948
1477010446600000	17.6911	5.77308	4.98587	0.870907	0.408367	lidar	2.03226	17.7853	5.62476	17.6679	5.63506	0.767575	0.358265
1477010446650000	17.8326	5.97411	4.95457	0.906635	0.436911	radar	1.13154	17.9216	6.07151	17.8297	5.82221	0.785823	0.370778
1477010446700000	18.0085	6.1603	4.96389	0.917426	0.423488	lidar	0.750611	18.1263	6.16985	17.9872	6.01269	0.804194	0.383482
1477010446750000	18.1568	6.36959	4.97523	0.942362	0.427986	radar	0.6516	18.1245	6.79027	18.1403	6.20641	0.822686	0.396375
1477010446800000	18.279	6.60374	4.99429	0.9805	0.447536	lidar	0.462452	18.2164	6.66138	18.2888	6.40332	0.841297	0.409451
1477010446850000	18.4095	6.81962	4.991	1.00944	0.458662	radar	0.237965	18.4022	7.02231	18.4328	6.60333	0.860025	0.422705
1477010446900000	18.5597	6.95556	4.91594	1.00274	0.4252	lidar	2.36082	18.5422	6.76013	18.572	6.80638	0.878867	0.436135
1477010446950000	18.7087	7.16183	4.94292	1.01148	0.402475	radar	0.628082	18.8089	7.24388	18.7064	7.01237	0.897823	0.449734
1477010447000000	18.908	7.2978	4.90073	0.986635	0.350324	lidar	4.17914	19.1441	7.18344	18.8359	7.22122	0.91689	0.463498
1477010447050000	18.9943	7.50572	4.84002	1.03085	0.396678	radar	4.16355	18.5479	7.4012	18.9604	7.43283	0.936066	0.477422
1477010447100000	19.0857	7.76433	4.88116	1.07523	0.424923	lidar	1.04525	19.0138	7.8688	19.0798	7.64712	0.95535	0.491501
1477010447150000	19.2061	7.97252	4.88062	1.09028	0.415296	radar	0.303501	19.3089	7.67375	19.1939	7.86397	0.974741	0.505729
1477010447200000	19.2859	8.18683	4.85896	1.12077	0.427014	lidar	1.4201	19.132	8.12845	19.3028	8.08329	0.994236	0.5201
1477010447250000	19.3848	8.39827	4.85838	1.13644	0.413607	radar	2.30514	19.0239	8.17194	19.4062	8.30497	1.01383	0.53461
1477010447300000	19.481	8.54682	4.76435	1.13998	0.395419	lidar	4.13871	19.347	8.30741	19.5042	8.5289	1.03354	0.549253
1477010447350000	19.571	8.75765	4.74356	1.16433	0.405957	radar	0.605642	19.6843	8.35902	19.5967	8.75494	1.05334	0.564023
1477010447400000	19.7345	8.92898	4.7184	1.14704	0.363028	lidar	4.23608	20.0039	8.8906	19.6835	8.983	1.07324	0.578913
1477010447450000	19.8063	9.15273	4.69935	1.18281	0.393586	radar	1.03404	19.6061	9.48659	19.7645	9.21294	1.09324	0.593918
1477010447500000	19.9379	9.37438	4.72464	1.18656	0.374845	lidar	2.9152	20.1574	9.45949	19.8398	9.44463	1.11335	0.609031
1477010447550000	19.9813	9.5995	4.68403	1.23497	0.426455	radar	2.75874	19.6163	9.76606	19.9093	9.67795	1.13354	0.624246
1477010447600000	20.0695	9.83602	4.70924	1.25439	0.42387	lidar	0.679218	20.1573	9.90876	19.9728	9.91275	1.15384	0.639557
1477010447650000	20.1297	10.084	4.74593	1.2802	0.422537	radar	7.0865	19.1911	11.5493	20.0303	10.1489	1.17423	0.654957
1477010447700000	20.1779	10.3531	4.79496	1.31623	0.438691	lidar	0.821427	20.166	10.4687	20.0817	10.3863	1.19472	0.670439
1477010447750000	20.1926	10.5907	4.76904	1.36633	0.485561	radar	2.93503	19.6774	10.803	20.1271	10.6247	1.21531	0.685997
1477010447800000	20.2514	10.8604	4.82196	1.39175	0.485742	lidar	1.95342	20.3711	11.0109	20.1663	10.864	1.23598	0.701624
1477010447850000	20.2806	11.1158	4.84859	1.42021	0.485624	radar	4.87241	19.4335	12.3402	20.1993	11.1041	1.25676	0.717312
1477010447900000	20.3149	11.3538	4.84615	1.44379	0.484898	lidar	0.00194973	20.3164	11.3483	20.2261	11.3449	1.27763	0.733056
1477010447950000	20.2587	11.6044	4.81312	1.52461	0.579924	radar	10.619	19.2063	12.2418	20.2466	11.5861	1.29859	0.748846
1477010448000000	20.3309	11.8437	4.82083	1.52789	0.551107	lidar	4.80461	20.6141	11.9421	20.2608	11.8275	1.31965	0.764677
1477010448050000	20.3579	12.0774	4.83212	1.53036	0.499603	radar	3.74031	19.966	11.9688	20.2687	12.0692	1.3408	0.780541
1477010448100000	20.345	12.3615	4.89158	1.56725	0.510975	lidar	1.10045	20.3263	12.4966	20.2701	12.3108	1.36205	0.79643
1477010448150000	20.2941	12.6011	4.86483	1.62795	0.57424	radar	3.17726	20.0192	12.4822	20.2653	12.5522	1.38339	0.812338
1477010448200000	20.3193	12.8403	4.85985	1.63965	0.555753	lidar	1.87137	20.498	12.8924	20.254	12.7933	1.40483	0.828256
1477010448250000	20.3065	13.0725	4.84336	1.66619	0.558197	radar	2.10728	20.9151	12.2555	20.2363	13.0339	1.42636	0.844176
1477010448300000	20.271	13.2868	4.80652	1.69634	0.56176	lidar	1.04806	20.1943	13.1688	20.2122	13.2738	1.44799	0.860092
1477010448350000	20.2324	13.5218	4.80673	1.72211	0.552893	radar	1.3012	19.858	13.5236	20.1818	13.5129	1.46971	0.875995
1477010448400000	20.2124	13.779	4.83286	1.74263	0.544361	lidar	1.30021	20.3245	13.8896	20.1449	13.7509	1.49153	0.891878
1477010448450000	20.1561	14.0071	4.81791	1.77975	0.563839	radar	0.846025	20.3387	13.5307	20.1017	13.9878	1.51344	0.907732
1477010448500000	20.1012	14.261	4.84559	1.80855	0.563682	lidar	0.338875	20.1216	14.337	20.0521	14.2233	1.53545	0.92355
1477010448550000	20.0293	14.4901	4.84197	1.83987	0.565095	radar	1.38036	19.6717	14.4038	19.9962	14.4573	1.55756	0.939324
1477010448600000	19.9212	14.7429	4.88364	1.88305	0.579976	lidar	1.19328	19.781	14.773	19.9339	14.6897	1.57976	0.955045
1477010448650000	19.8549	14.9616	4.86568	1.89902	0.552693	radar	3.4126	20.1149	14.0165	19.8655	14.9202	1.60206	0.970706
1477010448700000	19.824	15.1804	4.83203	1.90819	0.533912	lidar	2.1822	20.0208	15.2053	19.7908	15.1486	1.62446	0.986298
1477010448750000	19.6904	15.3908	4.81518	1.98673	0.640077	radar	7.8266	20.0157	15.3443	19.7099	15.3749	1.64696	1.00181
1477010448800000	19.66	15.5812	4.7439	1.99478	0.616466	lidar	3.70471	19.9131	15.554	19.6229	15.5989	1.66955	1.01724
1477010448850000	19.566	15.7874	4.7298	2.02073	0.606871	radar	1.37204	19.9388	15.0864	19.5298	15.8203	1.69225	1.03258
1477010448900000	19.4625	16.0001	4.73056	2.05002	0.605712	lidar	0.0130637	19.4748	16.0098	19.4307	16.039	1.71504	1.04782
1477010448950000	19.3612	16.209	4.72745	2.06452	0.570405	radar	1.86062	19.1556	16.0022	19.3257	16.255	1.73794	1.06294
1477010449000000	19.2516	16.3869	4.68606	2.09447	0.573196	lidar	0.7386	19.238	16.2719	19.2148	16.4679	1.76093	1.07795
1477010449050000	19.1332	16.5842	4.67985	2.12414	0.576238	radar	0.281396	19.4007	16.2962	19.0981	16.6777	1.78402	1.09283
1477010449100000	19.0038	16.793	4.69768	2.15262	0.575359	lidar	0.117039	19.0029	16.8387	18.9757	16.8841	1.80721	1.10758
1477010449150000	18.8465	16.9848	4.71186	2.21306	0.64436	radar	6.4608	18.8373	17.7112	18.8477	17.0872	1.83051	1.12218
1477010449200000	18.6743	17.2171	4.7914	2.24734	0.644172	lidar	1.79763	18.6148	17.3832	18.7142	17.2866	1.8539	1.13664
1477010449250000	18.5722	17.4224	4.77274	2.22933	0.543967	radar	6.14793	18.8177	17.0316	18.5752	17.4822	1.8774	1.15093
1477010449300000	18.3597	17.6124	4.8272	2.27647	0.563299	lidar	3.82555	18.1023	17.5529	18.4309	17.674	1.90099	1.16505
1477010449350000	18.2236	17.8042	4.81833	2.27851	0.508862	radar	2.33354	18.2749	17.4877	18.2814	17.8617	1.92469	1.179
1477010449400000	18.092	17.9908	4.80221	2.29445	0.499382	lidar	0.904768	18.2094	18.0461	18.1268	18.0453	1.94848	1.19276
1477010449450000	17.9159	18.1456	4.78899	2.33875	0.53635	radar	2.02907	18.3021	17.498	17.9671	18.2246	1.97238	1.20633
1477010449500000	17.7837	18.2896	4.72598	2.36025	0.532434	lidar	1.11809	17.9017	18.2183	17.8026	18.3994	1.99637	1.2197
1477010449550000	17.65	18.4713	4.71147	2.36695	0.502985	radar	6.64817	18.8558	18.1364	17.6334	18.5697	2.02047	1.23286
1477010449600000	17.4568	18.6517	4.75338	2.39458	0.504535	lidar	0.468573	17.3845	18.7039	17.4595	18.7353	2.04467	1.2458
1477010449650000	17.2757	18.793	4.73952	2.43035	0.524128	radar	1.78512	17.7945	18.0801	17.2811	18.8962	2.06896	1.25851
1477010449700000	17.114	18.9302	4.70356	2.45479	0.52313	lidar	0.341625	17.1762	18.8863	17.0983	19.0521	2.09335	1.27099
1477010449750000	16.9467	19.1006	4.71074	2.46644	0.500871	radar	3.02257	16.9398	19.7311	16.9113	19.203	2.11784	1.28322
1477010449800000	16.7301	19.2159	4.71173	2.50708	0.517215	lidar	2.71624	16.5734	19.052	16.7202	19.3488	2.14242	1.2952
1477010449850000	16.5402	19.3689	4.72803	2.53126	0.519822	radar	3.23743	16.1674	20.2201	16.5251	19.4894	2.16711	1.30693
1477010449900000	16.3166	19.5288	4.78568	2.55688	0.518028	lidar	0.860194	16.2338	19.617	16.3262	19.6246	2.19188	1.31838
1477010449950000	16.0934	19.6121	4.76883	2.60868	0.558289	radar	10.0909	16.4366	18.2742	16.1237	19.7545	2.21675	1.32956
1477010450000000	15.8885	19.7557	4.79072	2.62892	0.549705	lidar	0.77361	15.9243	19.8703	15.9176	19.8789	2.24171	1.34046
1477010450050000	15.6996	19.8808	4.76507	2.63306	0.500305	radar	3.19657	16.2328	19.2166	15.7082	19.9978	2.26676	1.35106
1477010450100000	15.4702	20.033	4.82353	2.65072	0.491048	lidar	1.36186	15.4332	20.1836	15.4956	20.111	2.2919	1.36137
1477010450150000	15.2593	20.1746	4.84453	2.66172	0.470365	radar	5.67412	14.3677	21.3406	15.2799	20.2185	2.31713	1.37137
1477010450200000	15.0702	20.3069	4.83192	2.6729	0.457796	lidar	1.82996	15.2016	20.4385	15.0613	20.3203	2.34244	1.38105
1477010450250000	14.8399	20.3892	4.8314	2.71102	0.482079	radar	2.1619	14.7476	19.9571	14.84	20.4162	2.36784	1.39041
1477010450300000	14.6243	20.5086	4.84251	2.72758	0.473977	lidar	0.629567	14.6665	20.6088	14.6161	20.5063	2.39332	1.39944
1477010450350000	14.388	20.5953	4.85923	2.76444	0.501057	radar	1.30704	13.841	21.0031	14.3897	20.5904	2.41888	1.40814
1477010450400000	14.1416	20.6695	4.87456	2.79675	0.508286	lidar	0.740729	14.0521	20.5924	14.1611	20.6686	2.44451	1.41648
1477010450450000	13.9049	20.7406	4.88268	2.83254	0.530085	radar	0.373633	13.8232	20.859	13.9304	20.7408	2.47022	1.42448
1477010450500000	13.6316	20.804	4.92896	2.86751	0.537835	lidar	1.7714	13.4687	20.7253	13.6977	20.807	2.496	1.43211
1477010450550000	13.3837	20.8346	4.9353	2.92148	0.590736	radar	2.34793	13.8263	20.4261	13.4632	20.8671	2.52185	1.43938
1477010450600000	13.1371	20.8759	4.93652	2.95473	0.594582	lidar	0.161388	13.1072	20.8294	13.2271	20.9211	2.54776	1.44627
1477010450650000	12.9054	20.9345	4.92896	2.97593	0.583177	radar	1.77296	13.2669	21.1579	12.9895	20.969	2.57374	1.45279
1477010450700000	12.7038	20.979	4.87637	2.99837	0.577779	lidar	1.89737	12.8729	21.0592	12.7506	21.0108	2.59978	1.45891
1477010450750000	12.4518	21.0195	4.89743	3.02636	0.578671	radar	2.57379	11.5171	21.6724	12.5106	21.0465	2.62587	1.46464
1477010450800000	12.2049	21.0568	4.90819	3.05102	0.573787	lidar	0.155468	12.2062	21.11	12.2695	21.0761	2.65202	1.46997
1477010450850000	11.9663	21.0766	4.90498	3.08216	0.581978	radar	0.939063	12.3859	21.1066	12.0276	21.0996	2.67821	1.4749
1477010450900000	11.7229	21.0473	4.88644	3.126	0.598265	lidar	1.87579	11.6814	20.8651	11.785	21.117	2.70444	1.47941
1477010450950000	11.476	21.0339	4.88563	3.16127	0.604318	radar	1.07208	11.5265	20.6748	11.5418	21.1283	2.73072	1.48349
1477010451000000	11.259	21.0275	4.84823	3.19001	0.604023	lidar	0.684877	11.363	21.0689	11.2982	21.1335	2.75703	1.48716
1477010451050000	11.0052	20.9889	4.85911	3.22946	0.613981	radar	4.12624	10.5558	20.5567	11.0544	21.1327	2.78337	1.49039
1477010451100000	10.7939	20.9508	4.81297	3.26517	0.621037	lidar	0.581612	10.8903	20.927	10.8105	21.1259	2.80974	1.49318
1477010451150000	10.5457	20.9505	4.80476	3.26887	0.567028	radar	5.65092	9.30535	21.3896	10.5666	21.1131	2.83613	1.49554
1477010451200000	10.2662	20.978	4.87452	3.27235	0.537393	lidar	3.40763	10.189	21.209	10.3229	21.0943	2.86254	1.49744
1477010451250000	10.0272	20.9598	4.87078	3.2911	0.525862	radar	1.02079	9.97958	21.2932	10.0795	21.0697	2.88895	1.49889
1477010451300000	9.83207	20.9208	4.8066	3.31927	0.529967	lidar	1.68308	9.99634	20.9797	9.83658	21.0391	2.91538	1.49988
1477010451350000	9.59695	20.913	4.77899	3.31628	0.47415	radar	2.31281	9.38223	21.111	9.59422	21.0028	2.9418	1.50041
1477010451400000	9.40307	20.8609	4.72057	3.34559	0.481931	lidar	1.07525	9.53921	20.8762	9.35258	20.9607	2.96822	1.50047
1477010451450000	9.18117	20.8195	4.71067	3.36774	0.481744	radar	1.48758	9.63392	20.9724	9.11177	20.9128	2.99462	1.50006
1477010451500000	8.89077	20.7879	4.79814	3.37763	0.464022	lidar	2.16389	8.70331	20.8221	8.87192	20.8594	3.02101	1.49917
1477010451550000	8.6756	20.7085	4.77851	3.4126	0.480748	radar	4.46577	9.84634	20.009	8.63315	20.8003	3.04738	1.4978
1477010451600000	8.40134	20.6245	4.84364	3.43911	0.481853	lidar	2.76239	8.22277	20.4839	8.39557	20.7357	3.07371	1.49594
1477010451650000	8.17284	20.5443	4.8471	3.4686	0.491901	radar	0.105723	8.29647	20.4978	8.1593	20.6657	3.10001	1.4936
1477010451700000	7.93106	20.4644	4.86597	3.49145	0.48954	lidar	0.125988	7.88599	20.45	7.92445	20.5903	3.12626	1.49077
1477010451750000	7.71512	20.3778	4.86776	3.52531	0.51247	radar	3.50608	8.29081	20.6565	7.69111	20.5096	3.15246	1.48744
1477010451800000	7.40875	20.3201	4.97552	3.52613	0.482633	lidar	3.49752	7.18029	20.392	7.45939	20.4236	3.17861	1.48361
1477010451850000	7.1773	20.2234	4.9745	3.5484	0.477562	radar	0.218981	7.09214	20.1196	7.22939	20.3326	3.20469	1.47928
1477010451900000	6.9132	20.1411	5.02121	3.55969	0.462636	lidar	0.712084	6.81542	20.1859	7.00119	20.2364	3.2307	1.47445
1477010451950000	6.688	20.0495	5.007	3.57561	0.450333	radar	0.470393	6.89359	20.1536	6.7749	20.1352	3.25663	1.46912
1477010452000000	6.4399	19.9586	5.03267	3.58827	0.438952	lidar	0.340417	6.38914	20.0136	6.55059	20.0292	3.28247	1.46328
1477010452050000	6.22299	19.8649	5.01612	3.60576	0.435108	radar	2.83268	6.67637	20.2142	6.32834	19.9183	3.30822	1.45692
1477010452100000	5.96029	19.7719	5.06288	3.61266	0.417814	lidar	0.821145	5.86119	19.8306	6.10823	19.8027	3.33386	1.45006
1477010452150000	5.73246	19.6256	5.10017	3.65261	0.452962	radar	1.99619	5.28178	19.5036	5.89034	19.6824	3.3594	1.44269
1477010452200000	5.55413	19.5028	5.04119	3.68183	0.461412	lidar	1.33845	5.69089	19.5755	5.67472	19.5577	3.38481	1.4348
1477010452250000	5.35305	19.3533	5.03574	3.71567	0.476605	radar	1.75088	5.9506	18.9859	5.46145	19.4284	3.4101	1.4264
1477010452300000	5.13896	19.2519	5.0247	3.72554	0.461467	lidar	1.91806	5.17021	19.4397	5.25059	19.2949	3.43526	1.41748
1477010452350000	4.94613	19.1403	4.97033	3.73451	0.434967	radar	4.64572	5.87397	19.301	5.04219	19.157	3.46027	1.40805
1477010452400000	4.78255	18.9889	4.92251	3.76899	0.450315	lidar	0.730656	4.89149	18.982	4.8363	19.015	3.48513	1.39811
1477010452450000	4.57431	18.8388	4.95245	3.79488	0.461029	radar	1.47937	3.98679	19.0452	4.63297	18.8689	3.50982	1.38765
1477010452500000	4.3963	18.7068	4.91977	3.81508	0.458635	lidar	1.11984	4.4685	18.834	4.43224	18.7188	3.53435	1.37667
1477010452550000	4.21323	18.5649	4.8813	3.82861	0.437941	radar	1.36185	4.69245	18.4634	4.23416	18.5648	3.5587	1.36519
1477010452600000	4.08767	18.409	4.80502	3.8663	0.457813	lidar	2.07064	4.26269	18.481	4.03876	18.4071	3.58287	1.35319
1477010452650000	3.9048	18.236	4.87123	3.90676	0.500617	radar	7.1707	3.42433	18.8357	3.84606	18.2457	3.60683	1.34069
1477010452700000	3.65063	18.0953	4.94811	3.8993	0.461348	lidar	2.63944	3.45919	18.167	3.65611	18.0807	3.6306	1.32767
1477010452750000	3.48703	17.9446	4.88889	3.91148	0.437338	radar	3.39987	4.3011	17.9267	3.46891	17.9122	3.65415	1.31415
1477010452800000	3.26133	17.7779	4.94618	3.91618	0.416149	lidar	1.16856	3.12525	17.7493	3.28449	17.7402	3.67748	1.30013
1477010452850000	3.08264	17.594	4.98746	3.94765	0.44145	radar	2.3986	2.65664	17.888	3.10287	17.565	3.70057	1.2856
1477010452900000	2.90303	17.4764	4.94981	3.94736	0.416813	lidar	6.13078	2.9449	17.8154	2.92405	17.3866	3.72343	1.27057
1477010452950000	2.76164	17.2597	4.98673	3.9998	0.470535	radar	3.16849	3.26647	17.0897	2.74805	17.2051	3.74603	1.25505
1477010453000000	2.58664	17.0741	4.99896	4.01736	0.463424	lidar	0.0758057	2.55407	17.0853	2.57486	17.0205	3.76838	1.23904
1477010453050000	2.42232	16.9079	4.941	4.01973	0.423667	radar	2.09153	2.55039	16.8884	2.4045	16.833	3.79045	1.22254
1477010453100000	2.25785	16.7356	4.93446	4.0325	0.414166	lidar	0.511379	2.25371	16.8334	2.23695	16.6427	3.81225	1.20556
1477010453150000	2.08339	16.5402	4.93233	4.0397	0.387807	radar	4.9964	1.57735	16.0489	2.07221	16.4497	3.83377	1.1881
1477010453200000	1.92905	16.31	4.96648	4.06815	0.397445	lidar	2.26343	1.88972	16.1054	1.91027	16.2539	3.85499	1.17016
1477010453250000	1.77169	16.134	4.92864	4.07123	0.36818	radar	1.05455	1.74363	16.2687	1.75112	16.0557	3.8759	1.15175
1477010453300000	1.56672	15.9658	4.96108	4.06033	0.333632	lidar	1.74362	1.44745	16.0853	1.59474	15.8549	3.8965	1.13288
1477010453350000	1.44055	15.7346	5.00493	4.10364	0.3787	radar	2.06306	1.6097	15.5526	1.44111	15.6517	3.91678	1.11355
1477010453400000	1.26824	15.517	5.04612	4.11412	0.368128	lidar	0.82634	1.18395	15.4284	1.29021	15.4463	3.93673	1.09376
1477010453450000	1.11173	15.3242	5.03561	4.11964	0.349256	radar	0.969769	0.828993	15.528	1.14201	15.2386	3.95633	1.07353
1477010453500000	0.900547	15.1065	5.11238	4.11223	0.31901	lidar	2.44865	0.722706	15.0075	0.996486	15.0288	3.97559	1.05286
1477010453550000	0.753109	14.9258	5.0576	4.11097	0.287903	radar	2.44623	1.03147	15.2134	0.853604	14.8169	3.99449	1.03175
1477010453600000	0.650151	14.711	5.02677	4.14105	0.306506	lidar	0.490143	0.737301	14.7047	0.71333	14.603	4.01303	1.01022
1477010453650000	0.538577	14.4698	5.06346	4.1791	0.343675	radar	1.78626	0.722177	14.2445	0.575628	14.3872	4.03118	0.988266
1477010453700000	0.364903	14.248	5.10937	4.1792	0.323131	lidar	0.881259	0.253435	14.2028	0.440459	14.1696	4.04896	0.965901
1477010453750000	0.244832	13.9962	5.18327	4.2174	0.366336	radar	3.15965	-0.0328025	13.9604	0.307779	13.9502	4.06635	0.943133
1477010453800000	0.228564	13.7471	5.1114	4.28042	0.419554	lidar	3.66055	0.459172	13.6856	0.177545	13.7292	4.08333	0.919968
1477010453850000	0.126102	13.5045	5.14888	4.3095	0.436985	radar	1.01513	0.0524417	13.6377	0.0497099	13.5065	4.09991	0.896416
1477010453900000	-0.0404957	13.2743	5.19662	4.30246	0.401774	lidar	1.46197	-0.190344	13.2856	-0.0757753	13.2823	4.11607	0.872484
1477010453950000	-0.15857	13.0559	5.1575	4.30591	0.37349	radar	1.0885	-0.275042	13.1456	-0.198962	13.0566	4.13181	0.848183
1477010454000000	-0.164599	12.8292	5.07421	4.36121	0.4191	lidar	3.35403	0.0462308	12.9301	-0.319903	12.8295	4.14712	0.82352
1477010454050000	-0.283298	12.604	5.04085	4.3586	0.380067	radar	3.54021	-0.684792	12.3563	-0.438654	12.6011	4.16199	0.798506
1477010454100000	-0.402508	12.3683	5.06346	4.36288	0.361818	lidar	0.356342	-0.476482	12.3633	-0.555273	12.3714	4.17641	0.773149
1477010454150000	-0.52691	12.1597	5.03165	4.35441	0.323355	radar	3.80709	-0.972122	12.5207	-0.669817	12.1404	4.19038	0.747461
1477010454200000	-0.605016	11.94	5.00767	4.3715	0.325025	lidar	0.533353	-0.582624	12.0386	-0.78235	11.9083	4.20389	0.721451
1477010454250000	-0.731457	11.7121	5.01101	4.36392	0.291561	radar	2.79248	-1.26757	11.6495	-0.892931	11.6751	4.21694	0.695129
1477010454300000	-0.926652	11.4688	5.09084	4.3308	0.232648	lidar	4.13463	-1.17212	11.3988	-1.00163	11.4409	4.22951	0.668505
1477010454350000	-1.03307	11.2433	5.04474	4.32534	0.198482	radar	2.8621	-0.891441	10.959	-1.1085	11.2057	4.2416	0.641592
1477010454400000	-1.20921	11.0163	5.09064	4.29863	0.154327	lidar	2.20775	-1.39289	11.0424	-1.21362	10.9695	4.25321	0.614399
1477010454450000	-1.28802	10.7703	5.12252	4.32669	0.190605	radar	1.35239	-1.29894	10.9012	-1.31706	10.7324	4.26433	0.586937
1477010454500000	-1.41688	10.5168	5.16412	4.32419	0.176053	lidar	0.89124	-1.49687	10.4198	-1.41889	10.4945	4.27495	0.559219
1477010454550000	-1.50324	10.2544	5.20951	4.34739	0.202274	radar	1.47128	-1.59293	10.0212	-1.51917	10.2559	4.28507	0.531256
1477010454600000	-1.60178	10.044	5.17551	4.35008	0.194034	lidar	1.96401	-1.61875	10.2374	-1.61797	10.0165	4.29468	0.503058
1477010454650000	-1.69116	9.81403	5.14939	4.35575	0.185344	radar	0.512481	-1.59701	9.96554	-1.71539	9.77637	4.30378	0.47464
1477010454700000	-1.76602	9.59349	5.11523	4.36813	0.18937	lidar	0.816742	-1.73381	9.71347	-1.81147	9.53564	4.31236	0.446011
1477010454750000	-1.87501	9.34177	5.16613	4.37451	0.193595	radar	2.55321	-2.27191	9.37316	-1.90631	9.29431	4.32042	0.417185
1477010454800000	-1.95595	9.05003	5.22081	4.39176	0.201794	lidar	4.09097	-1.93833	8.77028	-1.99998	9.05243	4.32796	0.388174
1477010454850000	-2.04293	8.82692	5.17275	4.3902	0.179518	radar	1.82066	-1.96565	9.13274	-2.09256	8.81003	4.33496	0.35899
1477010454900000	-2.13894	8.57501	5.19088	4.39351	0.172627	lidar	0.150288	-2.1768	8.5411	-2.18412	8.56717	4.34144	0.329646
1477010454950000	-2.26704	8.32128	5.22968	4.38199	0.147336	radar	2.83301	-2.65863	8.19477	-2.27474	8.32388	4.34737	0.300154
1477010455000000	-2.31406	8.0875	5.18828	4.4034	0.164354	lidar	0.792743	-2.21875	8.15339	-2.3645	8.0802	4.35277	0.270528
1477010455050000	-2.37827	7.87405	5.12944	4.41104	0.160541	radar	5.50192	-2.273	8.52315	-2.45348	7.83617	4.35763	0.240781
1477010455100000	-2.49146	7.62291	5.16272	4.40371	0.142136	lidar	0.693986	-2.59674	7.60288	-2.54177	7.59183	4.36194	0.210925
1477010455150000	-2.65542	7.38847	5.17003	4.3608	0.0648962	radar	5.63444	-3.08256	7.38874	-2.62944	7.34723	4.3657	0.180973
1477010455200000	-2.75928	7.13262	5.19692	4.35911	0.0588966	lidar	0.345377	-2.79865	7.064	-2.71658	7.10238	4.36892	0.15094
1477010455250000	-2.8205	6.89765	5.1803	4.37881	0.0873379	radar	1.66844	-2.79412	7.20818	-2.80326	6.85734	4.37158	0.120837
1477010455300000	-2.86312	6.68898	5.10555	4.39624	0.102689	lidar	2.54272	-2.74651	6.86867	-2.88957	6.61214	4.37369	0.0906778
1477010455350000	-2.92925	6.4663	5.04155	4.39247	0.0747066	radar	4.08041	-2.57673	6.36755	-2.97559	6.36681	4.37525	0.0604766
1477010455400000	-2.984	6.22964	5.02086	4.40569	0.0856518	lidar	0.385349	-2.90217	6.22989	-3.0614	6.12139	4.37625	0.0302462
1477010455450000	-3.10125	5.98246	5.06618	4.39573	0.0721275	radar	3.35807	-3.50172	6.10796	-3.14709	5.87592	4.3767	-7.7421e-16
1477010455500000	-3.18351	5.70883	5.1113	4.40118	0.0739609	lidar	1.66672	-3.17781	5.53101	-3.23274	5.63044	4.3766	-0.0302486
1477010455550000	-3.29317	5.46188	5.11651	4.38067	0.0284964	radar	2.23361	-3.19736	5.19093	-3.31843	5.38497	4.37594	-0.0604861
1477010455600000	-3.38957	5.20088	5.1516	4.37881	0.0246689	lidar	0.587849	-3.43031	5.10507	-3.40424	5.13955	4.37473	-0.0906993
1477010455650000	-3.45673	4.95491	5.15072	4.39231	0.0465244	radar	0.247775	-3.4281	4.94644	-3.49026	4.89422	4.37296	-0.120875
1477010455700000	-3.5707	4.67761	5.22014	4.38532	0.0363322	lidar	2.16685	-3.69435	4.52196	-3.57657	4.64902	4.37064	-0.150999
1477010455750000	-3.68028	4.42517	5.23048	4.36526	-0.00741614	radar	2.21052	-3.50501	4.17643	-3.66325	4.40398	4.36777	-0.181059
1477010455800000	-3.81291	4.1548	5.29849	4.35146	-0.0214918	lidar	2.59921	-4.00238	4.04684	-3.75039	4.15913	4.36435	-0.211042
1477010455850000	-3.89313	3.91397	5.28603	4.36263	0.0045893	radar	1.19821	-4.06447	4.10977	-3.83806	3.91452	4.36038	-0.240933
1477010455900000	-3.96568	3.68083	5.25057	4.36735	0.00873478	lidar	0.661228	-3.88053	3.75177	-3.92635	3.67019	4.35587	-0.270721
1477010455950000	-4.06781	3.47444	5.19633	4.34871	-0.0281702	radar	4.14346	-4.23729	3.88878	-4.01533	3.42616	4.35081	-0.300392
1477010456000000	-4.15896	3.22985	5.19802	4.34803	-0.0273727	lidar	0.00866503	-4.15119	3.21968	-4.10509	3.18248	4.34522	-0.329933
1477010456050000	-4.27454	2.9758	5.22941	4.33281	-0.0541111	radar	0.758626	-4.27467	2.88187	-4.19571	2.93919	4.33908	-0.359331
1477010456100000	-4.36416	2.70252	5.26817	4.33679	-0.0459181	lidar	1.32008	-4.32451	2.55034	-4.28727	2.69633	4.33241	-0.388573
1477010456150000	-4.45083	2.45287	5.26775	4.34236	-0.0310305	radar	0.196934	-4.38481	2.39989	-4.37985	2.45393	4.32521	-0.417647
1477010456200000	-4.55518	2.18859	5.30346	4.34096	-0.0294676	lidar	0.664071	-4.61223	2.09192	-4.47352	2.21205	4.31749	-0.446541
1477010456250000	-4.66529	1.95706	5.29254	4.3156	-0.0845698	radar	4.01019	-4.29257	1.92854	-4.56836	1.97072	4.30924	-0.475242
1477010456300000	-4.78051	1.68446	5.34673	4.31258	-0.0807187	lidar	1.58435	-4.86829	1.53442	-4.66444	1.72998	4.30047	-0.503737
1477010456350000	-4.90434	1.4357	5.36994	4.29532	-0.107542	radar	0.54104	-4.98165	1.43611	-4.76186	1.48989	4.29119	-0.532014
1477010456400000	-4.96424	1.20079	5.31548	4.3022	-0.0974146	lidar	4.92184	-4.66779	1.28643	-4.86067	1.25049	4.2814	-0.560063
1477010456450000	-5.06003	0.98276	5.26509	4.29938	-0.091071	radar	1.11843	-4.98594	1.10894	-4.96094	1.01182	4.2711	-0.58787
1477010456500000	-5.12146	0.749598	5.21952	4.30586	-0.0817175	lidar	3.96796	-4.85498	0.825662	-5.06277	0.77393	4.26031	-0.615424
1477010456550000	-5.21485	0.456675	5.30022	4.31141	-0.074668	radar	5.23954	-4.84736	0.18101	-5.16621	0.536876	4.24903	-0.642715
1477010456600000	-5.28996	0.215784	5.27522	4.31521	-0.067668	lidar	1.5319	-5.1231	0.257311	-5.27133	0.300706	4.23725	-0.669729
1477010456650000	-5.39937	-0.0195175	5.25576	4.31824	-0.0439368	radar	5.90906	-5.99809	-0.290765	-5.3782	0.0654719	4.225	-0.696457
1477010456700000	-5.47058	-0.258572	5.23037	4.32389	-0.0363649	lidar	1.62311	-5.29972	-0.212982	-5.4869	-0.168772	4.21227	-0.722888
1477010456750000	-5.59137	-0.442404	5.16011	4.29917	-0.0715705	radar	3.88822	-5.64447	-0.144522	-5.59748	-0.401971	4.19907	-0.749011
1477010456800000	-5.72832	-0.627858	5.10487	4.27364	-0.100147	lidar	2.76337	-5.85359	-0.445801	-5.71001	-0.634069	4.18541	-0.774816
1477010456850000	-5.84334	-0.855043	5.12979	4.25211	-0.141709	radar	5.4106	-5.30947	-0.724468	-5.82456	-0.865006	4.17129	-0.800292
1477010456900000	-5.93845	-1.12282	5.1747	4.26069	-0.120674	lidar	1.40707	-5.87835	-1.26863	-5.94118	-1.09472	4.15673	-0.825429
1477010456950000	-6.02686	-1.39028	5.21241	4.27087	-0.100248	radar	2.7885	-5.68069	-1.52871	-6.05993	-1.32316	4.14172	-0.850218
1477010457000000	-6.16552	-1.59761	5.18796	4.25018	-0.120487	lidar	1.09322	-6.27264	-1.50938	-6.18087	-1.55025	4.12629	-0.87465
1477010457050000	-6.30955	-1.83256	5.2526	4.21912	-0.176361	radar	4.10504	-6.11355	-1.75966	-6.30406	-1.77593	4.11042	-0.898715
1477010457100000	-6.41537	-2.08192	5.26789	4.22154	-0.161813	lidar	0.496693	-6.34007	-2.13685	-6.42954	-2.00014	4.09414	-0.922403
1477010457150000	-6.56703	-2.28469	5.23739	4.19869	-0.178504	radar	3.06341	-6.99344	-2.17445	-6.55738	-2.22281	4.07745	-0.945708
1477010457200000	-6.71662	-2.49386	5.22393	4.1782	-0.193471	lidar	0.468048	-6.79288	-2.4458	-6.68761	-2.44386	4.06035	-0.968618
1477010457250000	-6.87283	-2.70586	5.22717	4.15601	-0.212039	radar	1.11074	-7.14408	-2.67584	-6.82029	-2.66323	4.04286	-0.991128
1477010457300000	-6.96457	-2.97486	5.26352	4.17468	-0.173804	lidar	2.51844	-6.8003	-3.10086	-6.95546	-2.88084	4.02498	-1.01323
1477010457350000	-7.09345	-3.19888	5.24409	4.17137	-0.161922	radar	0.266385	-7.13937	-3.22028	-7.09316	-3.09663	4.00673	-1.03491
1477010457400000	-7.21823	-3.3945	5.20041	4.15851	-0.169571	lidar	1.38311	-7.12118	-3.26434	-7.23344	-3.31051	3.9881	-1.05617
1477010457450000	-7.36419	-3.64192	5.23856	4.15567	-0.160349	radar	4.46237	-7.77186	-4.08999	-7.37632	-3.5224	3.96912	-1.077
1477010457500000	-7.52391	-3.78112	5.14592	4.11629	-0.203019	lidar	4.82901	-7.49009	-3.49081	-7.52184	-3.73223	3.94978	-1.09739
1477010457550000	-7.66888	-3.98972	5.15074	4.10341	-0.209323	radar	0.4645	-7.52393	-3.88213	-7.67004	-3.93992	3.9301	-1.11733
1477010457600000	-7.82284	-4.21815	5.17679	4.09649	-0.204039	lidar	0.509039	-7.88049	-4.29783	-7.82094	-4.14539	3.91009	-1.13683
1477010457650000	-7.97394	-4.43618	5.18338	4.08899	-0.199451	radar	0.394904	-8.08524	-4.57834	-7.97457	-4.34854	3.88974	-1.15586
1477010457700000	-8.13476	-4.67429	5.22338	4.08486	-0.190951	lidar	1.23564	-8.22492	-4.79812	-8.13095	-4.5493	3.86909	-1.17444
1477010457750000	-8.27381	-4.87867	5.1593	4.08636	-0.165924	radar	2.52892	-8.453	-4.95621	-8.29011	-4.74759	3.84812	-1.19254
1477010457800000	-8.40591	-5.09819	5.15956	4.08825	-0.152982	lidar	0.288131	-8.33552	-5.1059	-8.45204	-4.94331	3.82686	-1.21018
1477010457850000	-8.55232	-5.26676	5.07375	4.07558	-0.152151	radar	3.97902	-8.55062	-4.79248	-8.61678	-5.13637	3.8053	-1.22733
1477010457900000	-8.74331	-5.46481	5.09457	4.05278	-0.170962	lidar	1.72033	-8.91477	-5.51752	-8.78433	-5.32669	3.78346	-1.244
1477010457950000	-8.90218	-5.6622	5.08139	4.04406	-0.169012	radar	0.338074	-9.04115	-5.69364	-8.95469	-5.51417	3.76136	-1.26019
1477010458000000	-9.05943	-5.84867	5.06737	4.03207	-0.173745	lidar	0.148479	-9.03391	-5.80267	-9.12788	-5.69872	3.73899	-1.27588
1477010458050000	-9.19806	-6.00701	4.97541	4.02302	-0.169039	radar	6.28309	-8.86897	-5.41973	-9.30388	-5.88026	3.71636	-1.29109
1477010458100000	-9.37807	-6.10963	4.89366	3.97888	-0.215364	lidar	4.90939	-9.30811	-5.82368	-9.4827	-6.05868	3.69349	-1.30579
1477010458150000	-9.55343	-6.29219	4.90124	3.96521	-0.218509	radar	0.900649	-9.80646	-6.41174	-9.66432	-6.23389	3.67039	-1.31999
1477010458200000	-9.69296	-6.50118	4.91257	3.97384	-0.193753	lidar	0.515735	-9.62547	-6.55958	-9.84874	-6.4058	3.64706	-1.33369
1477010458250000	-9.91551	-6.66012	4.96409	3.93444	-0.234975	radar	6.97524	-10.6688	-6.35543	-10.0359	-6.57431	3.62351	-1.34689
1477010458300000	-10.119	-6.82344	4.97389	3.90878	-0.252212	lidar	0.629071	-10.2246	-6.83402	-10.2259	-6.73933	3.59976	-1.35957
1477010458350000	-10.304	-6.98495	4.98499	3.88992	-0.261807	radar	1.03094	-10.2205	-6.71044	-10.4186	-6.90075	3.5758	-1.37175
1477010458400000	-10.5332	-7.16411	5.0336	3.86533	-0.275236	lidar	3.56797	-10.7616	-7.29159	-10.614	-7.05849	3.55166	-1.38342
1477010458450000	-10.7394	-7.30531	5.03501	3.83693	-0.294562	radar	1.89107	-10.8944	-6.83335	-10.8121	-7.21245	3.52733	-1.39457
1477010458500000	-10.9852	-7.46575	5.0808	3.80561	-0.314321	lidar	3.52022	-11.2219	-7.56979	-11.0128	-7.36252	3.50283	-1.40521
1477010458550000	-11.1744	-7.60538	5.03959	3.78841	-0.315972	radar	1.25229	-10.986	-7.3707	-11.2161	-7.50861	3.47816	-1.41533
1477010458600000	-11.3236	-7.76138	4.99625	3.79148	-0.293406	lidar	3.1829	-11.0934	-7.6776	-11.422	-7.65064	3.45334	-1.42495
1477010458650000	-11.5196	-7.88782	4.96382	3.76935	-0.302886	radar	1.81041	-11.4213	-7.46085	-11.6304	-7.78849	3.42838	-1.43404
1477010458700000	-11.7003	-7.99268	4.91105	3.74566	-0.314613	lidar	3.09818	-11.5269	-7.8215	-11.8413	-7.92208	3.40327	-1.44262
1477010458750000	-11.8946	-8.10515	4.83793	3.72266	-0.323703	radar	1.86463	-11.9422	-7.88317	-12.0546	-8.05131	3.37803	-1.45069
1477010458800000	-12.1101	-8.1957	4.81878	3.68691	-0.348299	lidar	0.712095	-12.09	-8.08828	-12.2702	-8.17609	3.35267	-1.45824
1477010458850000	-12.3362	-8.3234	4.89436	3.66707	-0.349902	radar	2.6692	-12.4462	-8.02117	-12.4881	-8.29633	3.3272	-1.46528
1477010458900000	-12.5401	-8.40426	4.85655	3.63589	-0.36758	lidar	1.83388	-12.4231	-8.2599	-12.7082	-8.41193	3.30162	-1.47181
1477010458950000	-12.747	-8.48941	4.79205	3.60644	-0.383455	radar	1.72778	-12.7461	-8.19449	-12.9304	-8.5228	3.27594	-1.47783
1477010459000000	-13.0241	-8.57825	4.84885	3.56377	-0.411041	lidar	4.06266	-13.2911	-8.64594	-13.1547	-8.62886	3.25017	-1.48334
1477010459050000	-13.2726	-8.67807	4.90676	3.5395	-0.412794	radar	2.76249	-13.7929	-8.47158	-13.381	-8.73002	3.22432	-1.48835
1477010459100000	-13.4942	-8.72499	4.87426	3.50062	-0.435941	lidar	1.85573	-13.384	-8.57583	-13.6092	-8.82619	3.19839	-1.49285
1477010459150000	-13.7122	-8.76396	4.79271	3.45771	-0.467813	radar	3.72029	-13.6376	-8.26343	-13.8392	-8.91729	3.1724	-1.49684
1477010459200000	-13.9371	-8.87651	4.80944	3.45303	-0.444532	lidar	0.955651	-13.9959	-8.99264	-14.0709	-9.00324	3.14634	-1.50034
1477010459250000	-14.1876	-8.96828	4.89583	3.44147	-0.423771	radar	2.95086	-14.4737	-8.79552	-14.3043	-9.08395	3.12023	-1.50335
1477010459300000	-14.4098	-9.08165	4.89983	3.44233	-0.396862	lidar	0.707991	-14.4273	-9.1875	-14.5391	-9.15936	3.09407	-1.50585
1477010459350000	-14.6392	-9.15226	4.88186	3.4223	-0.398888	radar	0.269402	-14.5757	-9.32634	-14.7754	-9.22939	3.06788	-1.50787
1477010459400000	-14.9247	-9.14912	4.91961	3.36182	-0.447156	lidar	1.95797	-15.062	-9.04396	-15.013	-9.29397	3.04164	-1.50941
1477010459450000	-15.1827	-9.22265	4.95401	3.3473	-0.436074	radar	4.55177	-15.6189	-9.69365	-15.2517	-9.35302	3.01538	-1.51046
1477010459500000	-15.4457	-9.33993	5.00014	3.35365	-0.400979	lidar	5.40788	-15.6682	-9.56749	-15.4916	-9.40649	2.9891	-1.51103
1477010459550000	-15.6893	-9.36826	4.95343	3.31767	-0.428077	radar	2.0543	-15.9381	-9.35751	-15.7324	-9.45431	2.96281	-1.51112
1477010459600000	-15.9458	-9.45431	4.98014	3.3151	-0.404762	lidar	2.16564	-16.0862	-9.59819	-15.9741	-9.49642	2.9365	-1.51075
1477010459650000	-16.1977	-9.4625	4.95933	3.27528	-0.433302	radar	2.29181	-16.6033	-8.85459	-16.2164	-9.53277	2.9102	-1.50991
1477010459700000	-16.4494	-9.45654	4.96088	3.23625	-0.454145	lidar	0.493488	-16.4229	-9.37029	-16.4594	-9.5633	2.88389	-1.50861
1477010459750000	-16.6687	-9.45479	4.9037	3.20287	-0.472763	radar	5.16626	-16.011	-9.33486	-16.7027	-9.58797	2.85759	-1.50685
1477010459800000	-16.9513	-9.44056	4.95128	3.16298	-0.491052	lidar	1.45554	-17.1132	-9.43043	-16.9464	-9.60673	2.83131	-1.50465
1477010459850000	-17.2029	-9.50111	4.9795	3.16972	-0.447114	radar	7.90939	-16.9255	-10.8571	-17.1903	-9.61954	2.80504	-1.50199
1477010459900000	-17.4627	-9.52001	4.99483	3.15312	-0.439921	lidar	0.510455	-17.5448	-9.57485	-17.4342	-9.62636	2.7788	-1.4989
1477010459950000	-17.7205	-9.50865	4.98942	3.12112	-0.457017	radar	1.69522	-18.1371	-9.39146	-17.6781	-9.62717	2.75258	-1.49537
1477010460000000	-17.9752	-9.47643	4.99814	3.08689	-0.470309	lidar	0.183928	-17.9724	-9.42299	-17.9216	-9.62194	2.7264	-1.49142
1477010460050000	-18.2197	-9.43754	4.97502	3.04811	-0.495732	radar	0.700585	-18.3083	-9.18778	-18.1648	-9.61064	2.70025	-1.48704
1477010460100000	-18.4222	-9.48426	4.90678	3.05848	-0.455889	lidar	2.34624	-18.2763	-9.60997	-18.4074	-9.59325	2.67415	-1.48224
1477010460150000	-18.6586	-9.47175	4.91099	3.0454	-0.438518	radar	1.69526	-18.2443	-9.58547	-18.6493	-9.56977	2.64809	-1.47704
1477010460200000	-18.9069	-9.46381	4.91369	3.03165	-0.42882	lidar	0.270956	-18.9545	-9.51544	-18.8904	-9.54017	2.62208	-1.47143
1477010460250000	-19.1372	-9.4257	4.90944	3.01013	-0.424527	radar	3.95112	-18.6983	-9.02886	-19.1305	-9.50446	2.59612	-1.46542
1477010460300000	-19.3828	-9.30578	4.93323	2.95061	-0.469062	lidar	2.996	-19.2983	-9.09865	-19.3694	-9.46265	2.57021	-1.45902
1477010460350000	-19.6166	-9.22881	4.91267	2.90844	-0.49996	radar	1.12703	-19.7037	-8.79906	-19.6069	-9.41472	2.54437	-1.45224
1477010460400000	-19.8679	-9.10563	4.95013	2.85535	-0.531926	lidar	1.29215	-19.8731	-8.96417	-19.8431	-9.36071	2.51859	-1.44507
1477010460450000	-20.1054	-9.004	4.96437	2.8171	-0.543889	radar	4.93698	-20.3815	-7.67549	-20.0775	-9.30061	2.49288	-1.43754
1477010460500000	-20.2804	-9.13277	4.80252	2.87969	-0.44447	lidar	14.8651	-20.1607	-9.59663	-20.3102	-9.23446	2.46723	-1.42965
1477010460550000	-20.5193	-9.09086	4.81133	2.87086	-0.424706	radar	1.54849	-20.4587	-9.7448	-20.5409	-9.16227	2.44166	-1.4214
1477010460600000	-20.7404	-8.99528	4.8116	2.83666	-0.439692	lidar	0.711825	-20.6596	-8.91527	-20.7695	-9.08408	2.41616	-1.4128
1477010460650000	-20.9823	-8.91404	4.82652	2.81035	-0.447518	radar	2.43785	-21.5568	-8.5005	-20.9959	-8.99994	2.39073	-1.40386
1477010460700000	-21.1787	-8.84587	4.78083	2.7915	-0.444414	lidar	1.34603	-21.0195	-8.85082	-21.2198	-8.90987	2.36539	-1.39458
1477010460750000	-21.4118	-8.75757	4.78686	2.76462	-0.454754	radar	1.9088	-21.8628	-8.64129	-21.4412	-8.81393	2.34012	-1.38498
1477010460800000	-21.6052	-8.73272	4.7152	2.76762	-0.426625	lidar	1.86	-21.5029	-8.87191	-21.6597	-8.71217	2.31494	-1.37506
1477010460850000	-21.7969	-8.58789	4.67746	2.70375	-0.498203	radar	6.59916	-21.9514	-7.41274	-21.8754	-8.60465	2.28985	-1.36482
1477010460900000	-22	-8.51212	4.65283	2.68914	-0.48688	lidar	0.246923	-21.9793	-8.57089	-22.088	-8.49143	2.26484	-1.35429
1477010460950000	-22.2095	-8.40452	4.66927	2.66984	-0.472252	radar	1.96147	-22.1914	-7.70392	-22.2975	-8.37258	2.23991	-1.34346
1477010461000000	-22.44	-8.30753	4.69131	2.6539	-0.463058	lidar	1.18854	-22.5838	-8.35296	-22.5035	-8.24817	2.21508	-1.33234
1477010461050000	-22.6315	-8.19022	4.66912	2.62225	-0.479453	radar	0.935043	-22.3177	-8.57758	-22.7061	-8.11829	2.19034	-1.32094
1477010461100000	-22.867	-7.95161	4.79662	2.5539	-0.526868	lidar	5.77147	-22.9861	-7.6724	-22.9049	-7.98301	2.16569	-1.30927
1477010461150000	-23.0577	-7.80107	4.77915	2.50561	-0.572527	radar	3.53842	-23.2693	-8.32031	-23.1	-7.84243	2.14113	-1.29733
1477010461200000	-23.2848	-7.6252	4.84721	2.47075	-0.577668	lidar	2.21207	-23.4777	-7.56583	-23.2911	-7.69663	2.11667	-1.28514
1477010461250000	-23.4848	-7.48644	4.86401	2.46228	-0.536703	radar	1.75505	-23.473	-7.02103	-23.4781	-7.54572	2.0923	-1.27271
1477010461300000	-23.6511	-7.34202	4.83152	2.43573	-0.537382	lidar	0.666066	-23.5408	-7.36069	-23.6609	-7.3898	2.06803	-1.26003
1477010461350000	-23.842	-7.18254	4.84749	2.41495	-0.523871	radar	0.916727	-24.0505	-6.56969	-23.8393	-7.22897	2.04385	-1.24713
1477010461400000	-24.0042	-7.08802	4.76565	2.40965	-0.503497	lidar	2.11293	-23.9384	-7.26171	-24.0132	-7.06336	2.01977	-1.234
1477010461450000	-24.1717	-6.90568	4.77216	2.37094	-0.52503	radar	1.96511	-24.3577	-5.94086	-24.1825	-6.89307	1.99579	-1.22065
1477010461500000	-24.332	-6.6551	4.84404	2.31507	-0.555407	lidar	3.22827	-24.2574	-6.4352	-24.347	-6.71823	1.97191	-1.2071
1477010461550000	-24.4993	-6.47851	4.83981	2.28229	-0.572242	radar	3.48364	-24.788	-7.18367	-24.5066	-6.53895	1.94812	-1.19335
1477010461600000	-24.5987	-6.33662	4.73907	2.25453	-0.574371	lidar	5.33625	-24.3008	-6.43799	-24.6612	-6.35538	1.92443	-1.17942
1477010461650000	-24.7395	-6.1473	4.73727	2.22339	-0.576834	radar	0.308718	-24.6108	-6.00878	-24.8107	-6.16764	1.90084	-1.1653
1477010461700000	-24.9215	-5.94434	4.78993	2.20101	-0.568174	lidar	2.69272	-25.146	-5.91902	-24.955	-5.97587	1.87735	-1.15101
1477010461750000	-25.0523	-5.73974	4.79524	2.17043	-0.56668	radar	1.85635	-24.8975	-5.02285	-25.094	-5.7802	1.85395	-1.13656
1477010461800000	-25.1852	-5.56742	4.76427	2.14993	-0.559205	lidar	0.355455	-25.1941	-5.64372	-25.2276	-5.58079	1.83065	-1.12195
1477010461850000	-25.3386	-5.38212	4.77407	2.14412	-0.51865	radar	1.32594	-25.5328	-5.4399	-25.3556	-5.37777	1.80745	-1.10719
1477010461900000	-25.4822	-5.15894	4.81332	2.11737	-0.518358	lidar	0.614623	-25.5712	-5.10241	-25.4779	-5.1713	1.78435	-1.09229
1477010461950000	-25.614	-4.98123	4.79227	2.11447	-0.474484	radar	6.37066	-25.0178	-6.55904	-25.5946	-4.96152	1.76135	-1.07726
1477010462000000	-25.7284	-4.80771	4.74638	2.09685	-0.469163	lidar	0.572384	-25.6952	-4.89995	-25.7055	-4.7486	1.73844	-1.06211
1477010462050000	-25.8493	-4.60209	4.75088	2.07878	-0.457179	radar	0.213834	-25.8162	-4.40681	-25.8105	-4.53268	1.71563	-1.04685
1477010462100000	-25.9612	-4.36038	4.79155	2.04787	-0.464894	lidar	0.532979	-25.9516	-4.26659	-25.9096	-4.31392	1.69292	-1.03148
1477010462150000	-26.0701	-4.13953	4.79181	2.00351	-0.518812	radar	11.1162	-26.8953	-4.43966	-26.0027	-4.0925	1.6703	-1.01601
1477010462200000	-26.1608	-3.85783	4.86847	1.96171	-0.534151	lidar	2.04255	-26.1198	-3.67723	-26.0897	-3.86856	1.64778	-1.00046
1477010462250000	-26.2346	-3.62074	4.86799	1.90993	-0.589033	radar	3.53212	-26.5652	-3.85723	-26.1706	-3.64227	1.62536	-0.984821
1477010462300000	-26.2632	-3.35382	4.88602	1.8579	-0.612635	lidar	4.39494	-25.9974	-3.24722	-26.2453	-3.4138	1.60303	-0.969111
1477010462350000	-26.3128	-3.10974	4.88888	1.81207	-0.642118	radar	0.489266	-26.2976	-3.01078	-26.3138	-3.18332	1.58079	-0.953336
1477010462400000	-26.3371	-2.87348	4.8701	1.77038	-0.652855	lidar	1.40057	-26.1741	-2.87885	-26.376	-2.95098	1.55865	-0.937505
1477010462450000	-26.3954	-2.64685	4.85882	1.74846	-0.63529	radar	1.42817	-26.4681	-3.44967	-26.4319	-2.71697	1.53661	-0.921626
1477010462500000	-26.472	-2.48964	4.76114	1.74046	-0.613939	lidar	5.81583	-26.674	-2.73852	-26.4815	-2.48143	1.51465	-0.905707
1477010462550000	-26.5275	-2.25449	4.76797	1.72437	-0.585177	radar	1.0156	-26.657	-1.72382	-26.5247	-2.24456	1.49279	-0.889755
1477010462600000	-26.5775	-2.05681	4.72036	1.70526	-0.576204	lidar	1.24409	-26.6691	-2.17333	-26.5616	-2.0065	1.47103	-0.873778
1477010462650000	-26.6086	-1.82023	4.72328	1.68615	-0.551372	radar	2.00049	-26.3248	-1.32261	-26.5921	-1.76744	1.44935	-0.857785
1477010462700000	-26.6065	-1.57226	4.73365	1.6482	-0.561992	lidar	1.12007	-26.4671	-1.53207	-26.6161	-1.52753	1.42777	-0.841783
1477010462750000	-26.6035	-1.34157	4.723	1.60575	-0.591126	radar	1.68072	-26.4998	-2.19525	-26.6338	-1.28695	1.40628	-0.825781
1477010462800000	-26.6069	-1.11475	4.70939	1.57636	-0.591384	lidar	0.048981	-26.5998	-1.14277	-26.6451	-1.04586	1.38489	-0.809784
1477010462850000	-26.6363	-0.889404	4.70051	1.56159	-0.571495	radar	5.16746	-27.2008	-1.67678	-26.65	-0.804425	1.36358	-0.793802
1477010462900000	-26.6473	-0.640098	4.72479	1.53833	-0.565135	lidar	0.52769	-26.7355	-0.59539	-26.6485	-0.562812	1.34237	-0.777843
1477010462950000	-26.6346	-0.39865	4.73706	1.50002	-0.590394	radar	2.24452	-26.9891	0.0351491	-26.6406	-0.321181	1.32125	-0.761912
1477010463000000	-26.5891	-0.107994	4.81475	1.4599	-0.599247	lidar	2.61361	-26.4553	0.0602653	-26.6264	-0.0796947	1.30022	-0.746018
1477010463050000	-26.5697	0.13096	4.81806	1.43064	-0.603788	radar	2.75412	-26.9537	0.136944	-26.6059	0.161489	1.27928	-0.730167
1477010463100000	-26.5462	0.419862	4.89373	1.40547	-0.596174	lidar	1.72392	-26.6201	0.57588	-26.5792	0.402213	1.25843	-0.714368
1477010463150000	-26.5341	0.657765	4.88298	1.39721	-0.557444	radar	1.78907	-26.8241	0.381508	-26.5462	0.642323	1.23768	-0.698628
1477010463200000	-26.5267	0.937563	4.94076	1.38401	-0.540355	lidar	3.06156	-26.7293	1.06082	-26.5069	0.881666	1.21702	-0.682952
1477010463250000	-26.489	1.19537	4.9532	1.37765	-0.491678	radar	7.13383	-25.9562	2.60409	-26.4616	1.12009	1.19645	-0.667349
1477010463300000	-26.4322	1.4339	4.94821	1.35066	-0.494313	lidar	0.067738	-26.3986	1.42212	-26.4101	1.35745	1.17597	-0.651826
1477010463350000	-26.3934	1.65388	4.91097	1.33869	-0.469775	radar	8.32002	-26.5072	-0.563929	-26.3526	1.59361	1.15559	-0.636387
1477010463400000	-26.3384	1.86755	4.87459	1.31538	-0.470445	lidar	0.350552	-26.3594	1.79315	-26.2891	1.82841	1.1353	-0.621042
1477010463450000	-26.2703	2.0989	4.87239	1.28689	-0.481403	radar	0.239252	-26.3475	1.82827	-26.2197	2.06173	1.11511	-0.605796
1477010463500000	-26.2079	2.2953	4.81759	1.26331	-0.482057	lidar	0.817347	-26.2502	2.18481	-26.1444	2.29342	1.09501	-0.590655
1477010463550000	-26.1452	2.52371	4.80721	1.25268	-0.45305	radar	0.776361	-26.069	2.27896	-26.0633	2.52336	1.07501	-0.575626
1477010463600000	-26.0667	2.76488	4.82744	1.23094	-0.451684	lidar	0.105256	-26.0641	2.80701	-25.9765	2.75141	1.0551	-0.560715
1477010463650000	-25.9716	2.98763	4.83731	1.18901	-0.496502	radar	2.90851	-26.3234	3.02388	-25.884	2.97746	1.0353	-0.545928
1477010463700000	-25.8706	3.26287	4.91442	1.16665	-0.492352	lidar	1.53289	-25.8345	3.42005	-25.786	3.20139	1.01559	-0.53127
1477010463750000	-25.7877	3.49227	4.91668	1.14719	-0.488613	radar	2.13932	-26.1824	3.73376	-25.6826	3.42306	0.995982	-0.516749
1477010463800000	-25.6817	3.69528	4.88957	1.11963	-0.492487	lidar	0.225463	-25.6666	3.63509	-25.5737	3.64238	0.976476	-0.502369
1477010463850000	-25.565	3.90352	4.88046	1.08867	-0.503429	radar	1.13467	-25.5773	3.13316	-25.4596	3.85924	0.957073	-0.488137
1477010463900000	-25.4975	4.08649	4.81554	1.07527	-0.492515	lidar	3.81381	-25.7492	3.99967	-25.3402	4.07353	0.937775	-0.474056
1477010463950000	-25.3742	4.28924	4.80941	1.04608	-0.499714	radar	0.611556	-25.3516	3.75691	-25.2157	4.28514	0.918583	-0.460133
1477010464000000	-25.2148	4.50568	4.84081	1.01061	-0.510072	lidar	2.00726	-25.0214	4.52803	-25.0862	4.49399	0.899499	-0.446373
1477010464050000	-25.0643	4.70259	4.83104	0.986688	-0.493596	radar	8.94972	-24.2719	4.30917	-24.9518	4.69998	0.880524	-0.432781
1477010464100000	-24.9459	4.89702	4.81458	0.966584	-0.489153	lidar	0.441344	-25.0363	4.88499	-24.8126	4.90303	0.86166	-0.419361
1477010464150000	-24.7898	5.08823	4.81619	0.93672	-0.493161	radar	2.30842	-24.3609	4.95947	-24.6686	5.10304	0.84291	-0.406119
1477010464200000	-24.6221	5.30006	4.85599	0.90874	-0.495656	lidar	0.908625	-24.5041	5.35293	-24.5201	5.29995	0.824275	-0.393058
1477010464250000	-24.4502	5.47796	4.8677	0.865146	-0.532051	radar	0.934663	-24.4379	5.24592	-24.367	5.49367	0.805758	-0.380184
1477010464300000	-24.2633	5.65035	4.87174	0.828028	-0.543168	lidar	1.22644	-24.1159	5.61152	-24.2095	5.68415	0.787361	-0.3675
1477010464350000	-24.0975	5.81228	4.86145	0.791771	-0.563212	radar	3.20111	-24.5638	4.75836	-24.0477	5.8713	0.769086	-0.35501
1477010464400000	-23.9235	5.97287	4.84984	0.76094	-0.566437	lidar	0.0537409	-23.9153	5.94377	-23.8818	6.05508	0.750936	-0.342719
1477010464450000	-23.7796	6.15995	4.81061	0.770289	-0.48973	radar	4.76022	-23.5491	6.44495	-23.7117	6.23542	0.732913	-0.33063
1477010464500000	-23.6121	6.31585	4.79383	0.745291	-0.490826	lidar	0.103105	-23.6471	6.29102	-23.5377	6.41227	0.71502	-0.318746
1477010464550000	-23.463	6.49121	4.77148	0.742325	-0.452448	radar	1.83721	-23.7544	6.53746	-23.3598	6.58559	0.69726	-0.30707
1477010464600000	-23.2397	6.70952	4.87851	0.723756	-0.444879	lidar	4.24638	-23.0099	6.86182	-23.1781	6.75533	0.679636	-0.295607
1477010464650000	-23.0442	6.85206	4.86065	0.698365	-0.441136	radar	5.55049	-22.7862	5.74144	-22.9928	6.92146	0.66215	-0.284359
1477010464700000	-22.8312	7.02362	4.90266	0.674752	-0.441705	lidar	1.02349	-22.6991	7.063	-22.804	7.08393	0.644806	-0.273329
1477010464750000	-22.6192	7.1584	4.91005	0.638469	-0.46429	radar	1.52952	-22.418	6.76159	-22.6117	7.24273	0.627606	-0.262519
1477010464800000	-22.4341	7.30421	4.89961	0.619126	-0.460392	lidar	0.295779	-22.5083	7.31524	-22.4161	7.39781	0.610555	-0.251932
1477010464850000	-22.2053	7.42924	4.94073	0.569506	-0.513487	radar	2.56837	-22.0543	7.85452	-22.2173	7.54917	0.593655	-0.24157
1477010464900000	-22.0241	7.5917	4.94643	0.560494	-0.495377	lidar	2.12645	-22.1947	7.69478	-22.0154	7.69679	0.576909	-0.231435
1477010464950000	-21.8402	7.76219	4.93423	0.568265	-0.438773	radar	5.78489	-21.6178	9.0351	-21.8105	7.84064	0.560322	-0.221529
1477010465000000	-21.6326	7.90502	4.94506	0.55072	-0.433719	lidar	0.0841258	-21.6473	7.94	-21.6026	7.98072	0.543896	-0.211854
1477010465050000	-21.4417	8.04049	4.92233	0.540933	-0.413695	radar	1.64161	-21.8637	7.78661	-21.392	8.11703	0.527635	-0.202411
1477010465100000	-21.2149	8.07887	4.85479	0.488187	-0.450097	lidar	4.47873	-21.0852	7.8323	-21.1787	8.24957	0.511544	-0.193202
1477010465150000	-21.0232	8.23509	4.82972	0.503962	-0.378878	radar	6.37254	-20.5503	9.28616	-20.9628	8.37833	0.495624	-0.184227
1477010465200000	-20.8446	8.38677	4.82757	0.504556	-0.357508	lidar	3.09666	-21.0519	8.50983	-20.7445	8.50333	0.479882	-0.175488
1477010465250000	-20.6036	8.49686	4.87405	0.470124	-0.389818	radar	4.395	-19.9265	9.40847	-20.5237	8.62457	0.464319	-0.166984
1477010465300000	-20.3554	8.63278	4.9317	0.454886	-0.38402	lidar	1.34468	-20.21	8.68914	-20.3006	8.74206	0.448941	-0.158718
1477010465350000	-20.1563	8.76562	4.90024	0.462783	-0.333466	radar	1.84095	-20.2277	8.8532	-20.0754	8.85583	0.433751	-0.150688
1477010465400000	-19.9568	8.86773	4.87273	0.447696	-0.33223	lidar	0.600018	-20.0633	8.86724	-19.848	8.96589	0.418753	-0.142894
1477010465450000	-19.7566	8.9895	4.84168	0.452393	-0.29144	radar	1.42371	-19.9264	8.7818	-19.6186	9.07227	0.403951	-0.135338
1477010465500000	-19.5341	9.06127	4.81966	0.425231	-0.305541	lidar	0.646238	-19.4861	8.96664	-19.3873	9.17499	0.38935	-0.128018
1477010465550000	-19.2943	9.16826	4.8589	0.406027	-0.315786	radar	4.42181	-18.5719	10.2069	-19.1542	9.27409	0.374953	-0.120934
1477010465600000	-19.0097	9.2571	4.92537	0.378618	-0.32754	lidar	5.97218	-18.6786	9.19191	-18.9193	9.36959	0.360764	-0.114085
1477010465650000	-18.7922	9.34145	4.91109	0.360718	-0.331848	radar	1.68513	-19.2825	8.98189	-18.6827	9.46154	0.346788	-0.10747
1477010465700000	-18.538	9.44263	4.952	0.346801	-0.328277	lidar	0.74557	-18.4242	9.46852	-18.4446	9.54997	0.333028	-0.101089
1477010465750000	-18.273	9.47189	4.9858	0.289985	-0.397185	radar	5.84737	-18.1634	8.72444	-18.2049	9.63492	0.31949	-0.0949386
1477010465800000	-17.9837	9.60033	5.08909	0.286347	-0.377547	lidar	3.44529	-17.7736	9.72478	-17.9639	9.71643	0.306177	-0.0890185
1477010465850000	-17.7388	9.69218	5.07948	0.286604	-0.339572	radar	2.86402	-17.2296	9.97767	-17.7214	9.79457	0.293093	-0.0833268
1477010465900000	-17.4647	9.80035	5.14236	0.281031	-0.325782	lidar	1.24194	-17.3436	9.88109	-17.4777	9.86936	0.280243	-0.0778614
1477010465950000	-17.2171	9.87663	5.15003	0.266267	-0.325816	radar	0.460096	-17.1554	10.212	-17.2328	9.94087	0.267631	-0.0726202
1477010466000000	-16.9459	10.0003	5.2152	0.270137	-0.302455	lidar	1.51173	-16.8876	10.145	-16.9868	10.0091	0.255261	-0.0676008
1477010466050000	-16.6911	10.0671	5.21959	0.253919	-0.304225	radar	0.065475	-16.5958	10.1078	-16.7396	10.0743	0.243136	-0.0628006
1477010466100000	-16.443	10.1747	5.24045	0.256112	-0.284822	lidar	1.31302	-16.5153	10.3091	-16.4915	10.1363	0.231263	-0.0582168
1477010466150000	-16.1861	10.2426	5.25284	0.239928	-0.29149	radar	0.546888	-16.09	10.5824	-16.2424	10.1952	0.219643	-0.0538466
1477010466200000	-15.9494	10.2682	5.20855	0.213564	-0.304969	lidar	0.632082	-16.0059	10.1843	-15.9924	10.2511	0.208282	-0.0496867
1477010466250000	-15.7011	10.3347	5.19717	0.208459	-0.286506	radar	0.274872	-15.7234	10.41	-15.7416	10.3041	0.197183	-0.0457339
1477010466300000	-15.4779	10.3292	5.12499	0.174394	-0.309188	lidar	1.71469	-15.5699	10.1904	-15.4899	10.3543	0.186351	-0.0419846
1477010466350000	-15.1842	10.3507	5.20141	0.134389	-0.357355	radar	7.83319	-14.2385	10.9109	-15.2376	10.4016	0.175789	-0.0384351
1477010466400000	-14.9236	10.4059	5.2167	0.125129	-0.347544	lidar	0.267611	-14.9365	10.4722	-14.9846	10.4462	0.165502	-0.0350815
1477010466450000	-14.6784	10.4441	5.15984	0.127752	-0.299638	radar	6.54089	-14.724	9.63506	-14.7309	10.4882	0.155493	-0.0319198
1477010466500000	-14.4339	10.4104	5.11459	0.0877703	-0.328478	lidar	2.13459	-14.4088	10.222	-14.4766	10.5276	0.145766	-0.0289457
1477010466550000	-14.1734	10.4364	5.11841	0.075703	-0.319652	radar	0.581702	-13.9005	10.5238	-14.2218	10.5645	0.136324	-0.0261548
1477010466600000	-13.8704	10.5852	5.23689	0.110746	-0.259619	lidar	7.93395	-13.8049	10.9383	-13.9665	10.5989	0.127172	-0.0235425
1477010466650000	-13.614	10.6493	5.21488	0.126332	-0.205991	radar	2.15512	-13.3956	10.7857	-13.7107	10.631	0.118313	-0.0211041
1477010466700000	-13.3629	10.648	5.19169	0.103126	-0.220855	lidar	0.553343	-13.3556	10.5517	-13.4545	10.6608	0.10975	-0.0188347
1477010466750000	-13.0994	10.6743	5.2022	0.0910383	-0.223866	radar	0.208388	-12.9374	10.8137	-13.1979	10.6884	0.101487	-0.0167293
1477010466800000	-12.8441	10.7681	5.22472	0.10832	-0.191707	lidar	3.97184	-12.9591	11.0099	-12.9409	10.7138	0.0935269	-0.0147826
1477010466850000	-12.5786	10.8204	5.2335	0.112723	-0.169475	radar	1.40032	-12.2518	11.2495	-12.6836	10.7373	0.0858731	-0.0129893
1477010466900000	-12.3424	10.787	5.17824	0.0805372	-0.196217	lidar	1.96192	-12.3713	10.6091	-12.426	10.7587	0.0785286	-0.0113439
1477010466950000	-12.0842	10.826	5.1705	0.085209	-0.169331	radar	0.617782	-11.9352	10.9161	-12.1681	10.7783	0.0714965	-0.0098407
1477010467000000	-11.8372	10.8895	5.17162	0.0935344	-0.150631	lidar	2.03959	-11.9451	11.0515	-11.91	10.7961	0.0647797	-0.00847403
1477010467050000	-11.5604	10.9104	5.19803	0.084527	-0.152493	radar	2.64736	-10.9703	10.9676	-11.6516	10.8121	0.0583809	-0.00723797
1477010467100000	-11.3302	10.9248	5.15639	0.074807	-0.154939	lidar	0.855096	-11.4548	10.9407	-11.393	10.8265	0.0523028	-0.00612651
1477010467150000	-11.0667	10.856	5.19591	0.0025831	-0.274211	radar	9.72355	-11.3472	10.5111	-11.1342	10.8394	0.046548	-0.00513352
1477010467200000	-10.7772	10.8272	5.22843	-0.0221272	-0.286148	lidar	2.72967	-10.6009	10.6822	-10.8753	10.8509	0.0411189	-0.00425277
1477010467250000	-10.5216	10.8236	5.21931	-0.0337326	-0.281407	radar	0.17725	-10.6563	10.8369	-10.6161	10.8609	0.0360177	-0.00347791
1477010467300000	-10.2875	10.8181	5.1839	-0.0460392	-0.279834	lidar	1.01761	-10.4142	10.8747	-10.3569	10.8697	0.0312467	-0.00280251
1477010467350000	-10.0373	10.8749	5.13477	-0.00954481	-0.18701	radar	6.67463	-9.90413	11.2255	-10.0976	10.8772	0.0268078	-0.00222002
1477010467400000	-9.7775	10.9207	5.15162	0.000648906	-0.164742	lidar	2.01604	-9.83445	11.1032	-9.83808	10.8837	0.022703	-0.00172384
1477010467450000	-9.5443	10.9031	5.10949	-0.0125611	-0.167427	radar	4.0324	-10.195	10.3498	-9.57852	10.8891	0.0189341	-0.00130726
1477010467500000	-9.28461	10.9279	5.12258	-0.00948966	-0.154555	lidar	0.661958	-9.3066	11.0348	-9.31887	10.8936	0.0155026	-0.000963497
1477010467550000	-9.03722	10.9097	5.09907	-0.0190061	-0.150072	radar	2.67258	-9.2226	10.3527	-9.05915	10.8972	0.01241	-0.000685715
1477010467600000	-8.77429	10.9396	5.11862	-0.0124829	-0.134434	lidar	0.974402	-8.78899	11.0707	-8.79937	10.9001	0.00965769	-0.000467005
1477010467650000	-8.53266	10.8981	5.08871	-0.0331709	-0.148438	radar	6.47287	-8.83914	10.0319	-8.53954	10.9023	0.00724685	-0.000300407
1477010467700000	-8.36154	10.8212	4.95688	-0.0686504	-0.179631	lidar	5.61333	-8.62045	10.6577	-8.27965	10.9039	0.00517849	-0.000178909
1477010467750000	-8.10916	10.835	4.95417	-0.0571586	-0.144533	radar	1.45948	-7.91543	11.1157	-8.01974	10.905	0.00345352	-9.54602e-05
1477010467800000	-7.78126	10.8763	5.07953	-0.039922	-0.116825	lidar	4.97543	-7.51971	11.0005	-7.75979	10.9057	0.00207268	-4.2972e-05
1477010467850000	-7.51845	10.8778	5.07902	-0.0310658	-0.085643	radar	2.06338	-7.25987	10.6458	-7.49981	10.9061	0.00103654	-1.43276e-05
1477010467900000	-7.24507	10.8642	5.10636	-0.0367846	-0.0872071	lidar	0.547031	-7.15631	10.815	-7.23983	10.9063	0.000345558	-2.3883e-06
1477010467950000	-7.00458	10.8992	5.06841	-0.0077923	-0.025054	radar	3.79229	-7.39396	11.0181	-6.97983	10.9064	-1.50937e-15	-5.33996e-31
