time_stamp	px_state	py_state	v_state	yaw_angle_state	yaw_rate_state	sensor_type	NIS	px_measured	py_measured	px_ground_truth	py_ground_truth	vx_ground_truth	vy_ground_truth
1477010443000000	0.312243	0.58034	0	0	0	lidar	2.23125e-314	0.312243	0.58034	0.6	0.6	0	0
1477010443050000	0.735335	0.629467	7.20389	9.78669e-18	5.42626e-17	radar	74.6701	0.862916	0.534212	0.859997	0.600045	0.000345533	4.77611e-06
1477010443100000	1.1605	0.494943	7.20697	-0.127191	-0.0118556	lidar	0.220993	1.17385	0.481073	1.11998	0.600225	0.00103642	2.14877e-05
1477010443150000	1.25801	0.533088	7.19218	0.122698	0.0306249	radar	1.82499	0.969149	0.397513	1.37996	0.600629	0.00207233	5.72822e-05
1477010443200000	1.61582	0.595357	7.20574	0.161523	0.0462392	lidar	0.167384	1.65063	0.62469	1.6399	0.601347	0.00345278	0.000119289
1477010443250000	1.85102	0.561874	6.00941	0.0259592	-0.233213	radar	7.68871	1.62331	0.499091	1.89982	0.60247	0.00517714	0.00021461
1477010443300000	2.16286	0.591371	6.00921	0.0406041	-0.177606	lidar	0.25349	2.18882	0.648739	2.1597	0.604086	0.0072446	0.000350319
1477010443350000	2.37865	0.637203	5.60503	0.0569504	-0.339341	radar	6.27337	1.96701	0.557116	2.41954	0.606284	0.00965425	0.000533446
1477010443400000	2.65593	0.654498	5.60258	0.0456649	-0.318027	lidar	0.00807592	2.65526	0.66598	2.67932	0.609155	0.012405	0.00077098
1477010443450000	2.92238	0.648045	5.53694	-0.00207545	-0.471266	radar	0.418853	2.92034	0.645898	2.93904	0.612786	0.0154956	0.00106986
1477010443500000	3.15826	0.643807	5.49268	-0.0154711	-0.436778	lidar	1.19727	3.01222	0.637046	3.19869	0.617267	0.0189247	0.00143695
1477010443550000	3.44386	0.539767	5.52494	-0.16415	-0.851522	radar	1.27734	3.56096	0.485311	3.45825	0.622686	0.0226907	0.00187908
1477010443600000	3.74702	0.427458	5.59135	-0.283336	-1.07392	lidar	2.08843	3.89365	0.311793	3.71772	0.629131	0.026792	0.00240297
1477010443650000	4.02777	0.511747	5.55307	-0.146386	-0.550246	radar	4.14965	4.19786	0.698311	3.97708	0.636689	0.0312269	0.0030153
1477010443700000	4.30168	0.503669	5.53525	-0.139398	-0.466966	lidar	0.373126	4.30935	0.578564	4.23632	0.645449	0.0359932	0.00372264
1477010443750000	4.5623	0.539364	5.45323	-0.0988323	-0.329708	radar	2.09328	4.61908	0.68951	4.49542	0.655498	0.0410891	0.00453149
1477010443800000	4.75194	0.645919	5.29193	0.00212537	-0.0853783	lidar	12.9354	4.35143	0.899174	4.75437	0.666921	0.0465122	0.00544822
1477010443850000	5.00416	0.644436	5.22508	-0.00583217	-0.0945374	radar	1.94362	5.20902	0.66599	5.01316	0.679804	0.0522603	0.00647915
1477010443900000	5.3046	0.641938	5.27556	-0.0122146	-0.0973342	lidar	2.42663	5.51893	0.648233	5.27175	0.694234	0.0583309	0.00763044
1477010443950000	5.56253	0.649801	5.29294	-0.00670031	-0.0776742	radar	1.72181	5.22835	0.639362	5.53013	0.710295	0.0647214	0.00890818
1477010444000000	5.85581	0.66649	5.32632	0.00173029	-0.0570139	lidar	1.56022	6.022	0.708619	5.78828	0.728071	0.0714292	0.0103183
1477010444050000	6.09881	0.592461	5.26306	-0.0517661	-0.140496	radar	3.73193	5.89392	0.373584	6.04618	0.747646	0.0784513	0.0118667
1477010444100000	6.35434	0.706723	5.23701	0.0238589	-0.0128732	lidar	4.00129	6.34249	0.948833	6.30379	0.769103	0.085785	0.013559
1477010444150000	6.60512	0.737887	5.19802	0.0384179	0.00906648	radar	0.676434	6.62134	0.836138	6.56111	0.792523	0.0934271	0.0154007
1477010444200000	6.85238	0.737305	5.18403	0.0329459	0.000630372	lidar	0.291132	6.78214	0.714036	6.81808	0.817988	0.101375	0.0173974
1477010444250000	7.09635	0.720438	5.10871	0.0176018	-0.0227387	radar	3.12279	7.29121	0.630741	7.07469	0.845578	0.109624	0.0195543
1477010444300000	7.31673	0.805408	5.06186	0.0627362	0.0406024	lidar	3.27351	7.13735	0.957217	7.3309	0.875372	0.118173	0.0218765
1477010444350000	7.60703	0.816695	5.15493	0.0612288	0.0365433	radar	4.21465	8.08349	0.819605	7.58668	0.907449	0.127016	0.024369
1477010444400000	7.85681	0.796004	5.14613	0.0436656	0.0111362	lidar	0.521579	7.80533	0.719126	7.84199	0.941886	0.136152	0.0270366
1477010444450000	8.10716	0.812992	5.09513	0.0468996	0.0132114	radar	2.42963	8.40453	0.884557	8.0968	0.978758	0.145576	0.0298841
1477010444500000	8.34446	0.831602	5.07422	0.0515521	0.018451	lidar	0.491565	8.24796	0.840322	8.35106	1.01814	0.155285	0.0329159
1477010444550000	8.61145	0.919605	5.15143	0.090766	0.0689949	radar	6.96666	8.45858	1.41118	8.60472	1.06011	0.165275	0.0361362
1477010444600000	8.84821	0.979442	5.12873	0.113125	0.0931193	lidar	0.873772	8.74615	1.04858	8.85775	1.10473	0.175542	0.0395494
1477010444650000	9.13626	1.01767	5.18278	0.120577	0.0963615	radar	6.70143	9.8809	1.1419	9.1101	1.15208	0.186083	0.0431593
1477010444700000	9.37308	1.05173	5.15786	0.127468	0.0991833	lidar	0.715362	9.25579	1.04913	9.36172	1.20223	0.196892	0.0469698
1477010444750000	9.651	1.12406	5.20691	0.150191	0.12141	radar	4.5363	10.1016	1.52474	9.61255	1.25524	0.207968	0.0509844
1477010444800000	9.92263	1.25308	5.23675	0.198911	0.174995	lidar	3.20523	10.0484	1.44598	9.86254	1.31118	0.219305	0.0552067
1477010444850000	10.1716	1.34383	5.18866	0.228433	0.202987	radar	4.71235	10.5377	1.72555	10.1116	1.37011	0.2309	0.0596399
1477010444900000	10.3968	1.4261	5.15931	0.251179	0.219312	lidar	1.22494	10.2492	1.45907	10.3598	1.4321	0.242748	0.064287
1477010444950000	10.6294	1.51327	5.08352	0.277385	0.242179	radar	4.06405	10.9084	1.70343	10.6069	1.49721	0.254845	0.0691508
1477010445000000	10.8559	1.54522	5.05201	0.272418	0.221092	lidar	1.32685	10.7313	1.45265	10.853	1.56549	0.267188	0.0742341
1477010445050000	11.1206	1.59709	5.08889	0.272235	0.205635	radar	1.88997	11.4783	1.42876	11.0979	1.637	0.279772	0.0795394
1477010445100000	11.3993	1.64284	5.12399	0.267835	0.186581	lidar	1.91797	11.587	1.61462	11.3416	1.71179	0.292592	0.0850689
1477010445150000	11.631	1.70168	5.08113	0.27512	0.185406	radar	0.910385	11.4763	1.53917	11.584	1.78992	0.305646	0.0908247
1477010445200000	11.8613	1.76639	5.06281	0.283281	0.184206	lidar	0.375465	11.7788	1.74591	11.8251	1.87144	0.318928	0.0968087
1477010445250000	12.1159	1.8567	5.11355	0.298164	0.189387	radar	1.37672	12.136	2.14937	12.0648	1.95639	0.332435	0.103023
1477010445300000	12.3592	1.88459	5.0951	0.284904	0.160904	lidar	0.730752	12.3226	1.78353	12.3029	2.04482	0.346162	0.109468
1477010445350000	12.6145	1.94518	5.13427	0.284177	0.147853	radar	0.98837	12.5457	1.77728	12.5394	2.13677	0.360106	0.116146
1477010445400000	12.8143	2.08057	5.10297	0.326403	0.191807	lidar	3.30056	12.5924	2.17509	12.7743	2.23227	0.374261	0.123057
1477010445450000	13.0795	2.18724	5.18687	0.340768	0.193721	radar	3.54117	13.2198	2.66441	13.0075	2.33136	0.388625	0.130203
1477010445500000	13.2822	2.32898	5.16064	0.380793	0.231891	lidar	2.49777	13.0875	2.40708	13.2388	2.43409	0.403192	0.137584
1477010445550000	13.4628	2.47787	5.06262	0.429395	0.284697	radar	10.7798	12.7087	3.12439	13.4682	2.54047	0.417959	0.145201
1477010445600000	13.712	2.59189	5.09016	0.44401	0.284854	lidar	0.853467	13.836	2.62479	13.6955	2.65053	0.432922	0.153054
1477010445650000	13.9315	2.70696	5.07205	0.462758	0.291958	radar	0.201323	13.8302	2.73893	13.9208	2.7643	0.448076	0.161143
1477010445700000	14.1597	2.8593	5.09552	0.493922	0.31215	lidar	0.563327	14.2105	2.94205	14.1439	2.88179	0.463419	0.169467
1477010445750000	14.4091	2.96744	5.15505	0.493452	0.285608	radar	1.56914	14.5568	2.87021	14.3646	3.00303	0.478945	0.178027
1477010445800000	14.617	3.03891	5.10312	0.487786	0.26179	lidar	2.2701	14.4616	2.90734	14.583	3.12802	0.494652	0.186822
1477010445850000	14.8473	3.19133	5.15804	0.510083	0.268456	radar	3.82123	14.6754	3.96041	14.7989	3.25679	0.510535	0.195852
1477010445900000	15.0539	3.38327	5.18049	0.554827	0.306711	lidar	1.08752	15.0261	3.5067	15.0122	3.38932	0.526591	0.205114
1477010445950000	15.2646	3.55088	5.17169	0.587713	0.332204	radar	2.49326	15.3685	4.14761	15.2228	3.52563	0.542815	0.214608
1477010446000000	15.4778	3.73707	5.20035	0.62187	0.353276	lidar	0.639831	15.5236	3.82936	15.4306	3.66572	0.559205	0.224333
1477010446050000	15.6896	3.87182	5.1884	0.631472	0.343698	radar	0.987742	15.7234	3.4105	15.6356	3.80957	0.575757	0.234287
1477010446100000	15.9119	4.01345	5.19379	0.640126	0.33318	lidar	0.247604	15.9774	4.00094	15.8375	3.95718	0.592467	0.244468
1477010446150000	16.1071	4.17923	5.15517	0.669373	0.356868	radar	1.77343	16.3376	4.21632	16.0363	4.10854	0.609332	0.254875
1477010446200000	16.3048	4.37263	5.17862	0.700534	0.372675	lidar	0.363244	16.3313	4.44499	16.2319	4.26363	0.626349	0.265505
1477010446250000	16.5148	4.53662	5.19437	0.712866	0.363225	radar	0.660298	16.7586	4.48231	16.4242	4.42242	0.643514	0.276356
1477010446300000	16.6938	4.70404	5.17555	0.733194	0.366209	lidar	0.4684	16.6039	4.67344	16.613	4.5849	0.660825	0.287425
1477010446350000	16.8456	4.90238	5.09822	0.783779	0.423982	radar	4.57946	16.9236	5.10119	16.7983	4.75103	0.678278	0.298711
1477010446400000	17.0104	5.12528	5.12379	0.823805	0.446276	lidar	0.502404	16.9955	5.21099	16.9799	4.92077	0.69587	0.310209
1477010446450000	17.1795	5.29904	5.09432	0.844185	0.448631	radar	1.78047	17.3421	4.64623	17.1578	5.09409	0.713599	0.321916
1477010446500000	17.3402	5.47821	5.07616	0.863665	0.445495	lidar	0.234036	17.2894	5.43542	17.3319	5.27094	0.731461	0.333831
1477010446550000	17.4952	5.65207	5.03234	0.885406	0.451746	radar	3.32183	17.6463	4.74597	17.5019	5.45128	0.749454	0.345948
1477010446600000	17.691	5.77323	4.98661	0.871211	0.408785	lidar	2.03491	17.7853	5.62476	17.6679	5.63506	0.767575	0.358265
1477010446650000	17.8325	5.97439	4.95537	0.906969	0.437332	radar	1.13019	17.9216	6.07151	17.8297	5.82221	0.785823	0.370778
1477010446700000	18.0084	6.16056	4.96461	0.917733	0.423867	lidar	0.751771	18.1263	6.16985	17.9872	6.01269	0.804194	0.383482
1477010446750000	18.1567	6.3699	4.97591	0.942663	0.428334	radar	0.650738	18.1245	6.79027	18.1403	6.20641	0.822686	0.396375
1477010446800000	18.2789	6.60395	4.99476	0.980748	0.447811	lidar	0.459917	18.2164	6.66138	18.2888	6.40332	0.841297	0.409451
1477010446850000	18.4094	6.81989	4.99147	1.00967	0.458897	radar	0.237018	18.4022	7.02231	18.4328	6.60333	0.860025	0.422705
1477010446900000	18.5596	6.95591	4.91678	1.00297	0.425385	lidar	2.36773	18.5422	6.76013	18.572	6.80638	0.878867	0.436135
1477010446950000	18.7086	7.16215	4.9437	1.01172	0.402657	radar	0.628004	18.8089	7.24388	18.7064	7.01237	0.897823	0.449734
1477010447000000	18.9079	7.29815	4.90161	0.986836	0.350452	lidar	4.18681	19.1441	7.18344	18.8359	7.22122	0.91689	0.463498
1477010447050000	18.9942	7.50631	4.84096	1.03105	0.396813	radar	4.16608	18.5479	7.4012	18.9604	7.43283	0.936066	0.477422
1477010447100000	19.0856	7.76474	4.88173	1.07536	0.424973	lidar	1.03878	19.0138	7.8688	19.0798	7.64712	0.95535	0.491501
1477010447150000	19.206	7.97295	4.88121	1.09042	0.415354	radar	0.304161	19.3089	7.67375	19.1939	7.86397	0.974741	0.505729
1477010447200000	19.2859	8.18721	4.85966	1.12086	0.427024	lidar	1.42138	19.132	8.12845	19.3028	8.08329	0.994236	0.5201
1477010447250000	19.3847	8.39865	4.85924	1.13657	0.413665	radar	2.30528	19.0239	8.17194	19.4062	8.30497	1.01383	0.53461
1477010447300000	19.481	8.5473	4.7658	1.14003	0.395445	lidar	4.14951	19.347	8.30741	19.5042	8.5289	1.03354	0.549253
1477010447350000	19.5709	8.75829	4.74495	1.16442	0.406075	radar	0.6093	19.6843	8.35902	19.5967	8.75494	1.05334	0.564023
1477010447400000	19.7346	8.92948	4.71937	1.14703	0.363024	lidar	4.23859	20.0039	8.8906	19.6835	8.983	1.07324	0.578913
1477010447450000	19.8064	9.1534	4.70013	1.18281	0.39364	radar	1.03714	19.6061	9.48659	19.7645	9.21294	1.09324	0.593918
1477010447500000	19.938	9.3748	4.72468	1.18649	0.374784	lidar	2.90917	20.1574	9.45949	19.8398	9.44463	1.11335	0.609031
1477010447550000	19.9814	9.60018	4.68401	1.23487	0.426405	radar	2.76309	19.6163	9.76606	19.9093	9.67795	1.13354	0.624246
1477010447600000	20.0696	9.83645	4.70868	1.25424	0.423747	lidar	0.674125	20.1573	9.90876	19.9728	9.91275	1.15384	0.639557
1477010447650000	20.1298	10.0843	4.74534	1.2801	0.422449	radar	7.08528	19.1911	11.5493	20.0303	10.1489	1.17423	0.654957
1477010447700000	20.1779	10.3532	4.79398	1.31616	0.438592	lidar	0.819504	20.166	10.4687	20.0817	10.3863	1.19472	0.670439
1477010447750000	20.1927	10.591	4.76827	1.36623	0.485445	radar	2.93463	19.6774	10.803	20.1271	10.6247	1.21531	0.685997
1477010447800000	20.2515	10.8605	4.82032	1.39164	0.485555	lidar	1.95002	20.3711	11.0109	20.1663	10.864	1.23598	0.701624
1477010447850000	20.2807	11.1157	4.84697	1.42009	0.485378	radar	4.87435	19.4335	12.3402	20.1993	11.1041	1.25676	0.717312
1477010447900000	20.3149	11.3536	4.84462	1.44368	0.484677	lidar	0.00183468	20.3164	11.3483	20.2261	11.3449	1.27763	0.733056
1477010447950000	20.2589	11.6047	4.81207	1.52448	0.579724	radar	10.6177	19.2063	12.2418	20.2466	11.5861	1.29859	0.748846
1477010448000000	20.3311	11.8437	4.81834	1.52765	0.55075	lidar	4.79805	20.6141	11.9421	20.2608	11.8275	1.31965	0.764677
1477010448050000	20.3581	12.0771	4.8302	1.53014	0.499283	radar	3.74443	19.966	11.9688	20.2687	12.0692	1.3408	0.780541
1477010448100000	20.3452	12.361	4.88922	1.5671	0.510657	lidar	1.10755	20.3263	12.4966	20.2701	12.3108	1.36205	0.79643
1477010448150000	20.2943	12.6009	4.86285	1.62776	0.5739	radar	3.17294	20.0192	12.4822	20.2653	12.5522	1.38339	0.812338
1477010448200000	20.3196	12.84	4.85693	1.6394	0.555336	lidar	1.86812	20.498	12.8924	20.254	12.7933	1.40483	0.828256
1477010448250000	20.3069	13.0721	4.84038	1.66588	0.557738	radar	2.10458	20.9151	12.2555	20.2363	13.0339	1.42636	0.844176
1477010448300000	20.2714	13.2866	4.80482	1.69609	0.56146	lidar	1.04699	20.1943	13.1688	20.2122	13.2738	1.44799	0.860092
1477010448350000	20.2328	13.5215	4.80562	1.7219	0.552696	radar	1.30201	19.858	13.5236	20.1818	13.5129	1.46971	0.875995
1477010448400000	20.2128	13.7786	4.8306	1.74241	0.544086	lidar	1.30028	20.3245	13.8896	20.1449	13.7509	1.49153	0.891878
1477010448450000	20.1565	14.0068	4.81586	1.77952	0.563592	radar	0.845246	20.3387	13.5307	20.1017	13.9878	1.51344	0.907732
1477010448500000	20.1016	14.2605	4.84314	1.80835	0.563424	lidar	0.341776	20.1216	14.337	20.0521	14.2233	1.53545	0.92355
1477010448550000	20.0297	14.4896	4.8403	1.8397	0.564902	radar	1.38071	19.6717	14.4038	19.9962	14.4573	1.55756	0.939324
1477010448600000	19.9213	14.7425	4.88294	1.88297	0.579858	lidar	1.19855	19.781	14.773	19.9339	14.6897	1.57976	0.955045
1477010448650000	19.855	14.9612	4.86594	1.89897	0.552665	radar	3.40938	20.1149	14.0165	19.8655	14.9202	1.60206	0.970706
1477010448700000	19.8243	15.18	4.8308	1.90807	0.533806	lidar	2.17851	20.0208	15.2053	19.7908	15.1486	1.62446	0.986298
1477010448750000	19.6909	15.3906	4.81266	1.98655	0.63989	radar	7.82626	20.0157	15.3443	19.7099	15.3749	1.64696	1.00181
1477010448800000	19.6609	15.581	4.73975	1.99456	0.616259	lidar	3.68463	19.9131	15.554	19.6229	15.5989	1.66955	1.01724
1477010448850000	19.567	15.7871	4.72611	2.02052	0.606706	radar	1.3715	19.9388	15.0864	19.5298	15.8203	1.69225	1.03258
1477010448900000	19.4633	15.9998	4.72702	2.04987	0.60561	lidar	0.0122783	19.4748	16.0098	19.4307	16.039	1.71504	1.04782
1477010448950000	19.362	16.2086	4.72501	2.0644	0.57036	radar	1.86419	19.1556	16.0022	19.3257	16.255	1.73794	1.06294
1477010449000000	19.2523	16.3868	4.68498	2.09444	0.573275	lidar	0.736315	19.238	16.2719	19.2148	16.4679	1.76093	1.07795
1477010449050000	19.134	16.584	4.6787	2.12411	0.576303	radar	0.280287	19.4007	16.2962	19.0981	16.6777	1.78402	1.09283
1477010449100000	19.0044	16.7928	4.69637	2.15263	0.575448	lidar	0.118081	19.0029	16.8387	18.9757	16.8841	1.80721	1.10758
1477010449150000	18.8474	16.9843	4.70838	2.21302	0.644318	radar	6.45446	18.8373	17.7112	18.8477	17.0872	1.83051	1.12218
1477010449200000	18.6749	17.2164	4.78748	2.24729	0.644109	lidar	1.81412	18.6148	17.3832	18.7142	17.2866	1.8539	1.13664
1477010449250000	18.5728	17.4217	4.76976	2.2293	0.543955	radar	6.15028	18.8177	17.0316	18.5752	17.4822	1.8774	1.15093
1477010449300000	18.3596	17.6119	4.82783	2.27645	0.563354	lidar	3.82921	18.1023	17.5529	18.4309	17.674	1.90099	1.16505
1477010449350000	18.2233	17.804	4.8202	2.2785	0.508934	radar	2.33104	18.2749	17.4877	18.2814	17.8617	1.92469	1.179
1477010449400000	18.092	17.9905	4.80228	2.29443	0.499405	lidar	0.907337	18.2094	18.0461	18.1268	18.0453	1.94848	1.19276
1477010449450000	17.916	18.1454	4.78915	2.33875	0.536379	radar	2.02815	18.3021	17.498	17.9671	18.2246	1.97238	1.20633
1477010449500000	17.7841	18.2895	4.72559	2.36032	0.532457	lidar	1.11391	17.9017	18.2183	17.8026	18.3994	1.99637	1.2197
1477010449550000	17.6508	18.4711	4.70905	2.36701	0.50294	radar	6.64327	18.8558	18.1364	17.6334	18.5697	2.02047	1.23286
1477010449600000	17.4572	18.6514	4.75155	2.39461	0.504521	lidar	0.474469	17.3845	18.7039	17.4595	18.7353	2.04467	1.2458
1477010449650000	17.2762	18.7927	4.73796	2.43039	0.524083	radar	1.78324	17.7945	18.0801	17.2811	18.8962	2.06896	1.25851
1477010449700000	17.1146	18.9301	4.70198	2.4549	0.523082	lidar	0.336595	17.1762	18.8863	17.0983	19.0521	2.09335	1.27099
1477010449750000	16.9475	19.1002	4.70762	2.46651	0.500784	radar	3.02145	16.9398	19.7311	16.9113	19.203	2.11784	1.28322
1477010449800000	16.7304	19.2159	4.71253	2.50715	0.517146	lidar	2.72144	16.5734	19.052	16.7202	19.3488	2.14242	1.2952
1477010449850000	16.5406	19.3686	4.72714	2.5313	0.51974	radar	3.23698	16.1674	20.2201	16.5251	19.4894	2.16711	1.30693
1477010449900000	16.3167	19.5284	4.78502	2.55682	0.517985	lidar	0.865496	16.2338	19.617	16.3262	19.6246	2.19188	1.31838
1477010449950000	16.0933	19.6119	4.77072	2.60863	0.558224	radar	10.0869	16.4366	18.2742	16.1237	19.7545	2.21675	1.32956
1477010450000000	15.8884	19.7553	4.79089	2.62884	0.549664	lidar	0.776526	15.9243	19.8703	15.9176	19.8789	2.24171	1.34046
1477010450050000	15.6994	19.8809	4.76666	2.63301	0.500254	radar	3.19415	16.2328	19.2166	15.7082	19.9978	2.26676	1.35106
1477010450100000	15.4698	20.0329	4.82374	2.65057	0.491081	lidar	1.361	15.4332	20.1836	15.4956	20.111	2.2919	1.36137
1477010450150000	15.259	20.1743	4.84342	2.66161	0.470562	radar	5.67548	14.3677	21.3406	15.2799	20.2185	2.31713	1.37137
1477010450200000	15.0705	20.3065	4.82776	2.67286	0.458019	lidar	1.83411	15.2016	20.4385	15.0613	20.3203	2.34244	1.38105
1477010450250000	14.8402	20.3887	4.8285	2.71102	0.482357	radar	2.16186	14.7476	19.9571	14.84	20.4162	2.36784	1.39041
1477010450300000	14.6248	20.508	4.83819	2.72757	0.474281	lidar	0.633411	14.6665	20.6088	14.6161	20.5063	2.39332	1.39944
1477010450350000	14.3888	20.5944	4.85435	2.76449	0.501491	radar	1.31343	13.841	21.0031	14.3897	20.5904	2.41888	1.40814
1477010450400000	14.142	20.6687	4.8721	2.79671	0.508653	lidar	0.74015	14.0521	20.5924	14.1611	20.6686	2.44451	1.41648
1477010450450000	13.9055	20.7397	4.87966	2.83256	0.530564	radar	0.377085	13.8232	20.859	13.9304	20.7408	2.47022	1.42448
1477010450500000	13.6315	20.8032	4.92907	2.86734	0.538254	lidar	1.76943	13.4687	20.7253	13.6977	20.807	2.496	1.43211
1477010450550000	13.3838	20.8336	4.93488	2.92139	0.591257	radar	2.35005	13.8263	20.4261	13.4632	20.8671	2.52185	1.43938
1477010450600000	13.137	20.8752	4.9372	2.95458	0.595004	lidar	0.157409	13.1072	20.8294	13.2271	20.9211	2.54776	1.44627
1477010450650000	12.9055	20.9338	4.92826	2.97588	0.583701	radar	1.77771	13.2669	21.1579	12.9895	20.969	2.57374	1.45279
1477010450700000	12.7046	20.9784	4.87313	2.99853	0.578287	lidar	1.89361	12.8729	21.0592	12.7506	21.0108	2.59978	1.45891
1477010450750000	12.4527	21.0188	4.89387	3.02654	0.579297	radar	2.57942	11.5171	21.6724	12.5106	21.0465	2.62587	1.46464
1477010450800000	12.2057	21.0561	4.90445	3.05117	0.574396	lidar	0.159611	12.2062	21.11	12.2695	21.0761	2.65202	1.46997
1477010450850000	11.9675	21.0757	4.90021	3.08245	0.582726	radar	0.939518	12.3859	21.1066	12.0276	21.0996	2.67821	1.4749
1477010450900000	11.7237	21.0468	4.8848	3.12618	0.598731	lidar	1.86674	11.6814	20.8651	11.785	21.117	2.70444	1.47941
1477010450950000	11.4767	21.0334	4.88498	3.16142	0.604679	radar	1.07064	11.5265	20.6748	11.5418	21.1283	2.73072	1.48349
1477010451000000	11.26	21.0272	4.8465	3.19029	0.604357	lidar	0.677418	11.363	21.0689	11.2982	21.1335	2.75703	1.48716
1477010451050000	11.0058	20.9887	4.85937	3.2296	0.614111	radar	4.12822	10.5558	20.5567	11.0544	21.1327	2.78337	1.49039
1477010451100000	10.7947	20.9507	4.81293	3.26544	0.62109	lidar	0.573954	10.8903	20.927	10.8105	21.1259	2.80974	1.49318
1477010451150000	10.5461	20.9508	4.80598	3.26897	0.566861	radar	5.66425	9.30535	21.3896	10.5666	21.1131	2.83613	1.49554
1477010451200000	10.2664	20.978	4.87407	3.27235	0.537485	lidar	3.40688	10.189	21.209	10.3229	21.0943	2.86254	1.49744
1477010451250000	10.0275	20.9597	4.86965	3.29117	0.526062	radar	1.01983	9.97958	21.2932	10.0795	21.0697	2.88895	1.49889
1477010451300000	9.83302	20.9209	4.80388	3.31961	0.530188	lidar	1.67095	9.99634	20.9797	9.83658	21.0391	2.91538	1.49988
1477010451350000	9.59786	20.9134	4.77689	3.31663	0.474338	radar	2.31213	9.38223	21.111	9.59422	21.0028	2.9418	1.50041
1477010451400000	9.40434	20.8615	4.7178	3.34616	0.482103	lidar	1.05865	9.53921	20.8762	9.35258	20.9607	2.96822	1.50047
1477010451450000	9.18282	20.8199	4.70693	3.36839	0.481943	radar	1.47783	9.63392	20.9724	9.11177	20.9128	2.99462	1.50006
1477010451500000	8.89168	20.788	4.79571	3.37796	0.464212	lidar	2.18885	8.70331	20.8221	8.87192	20.8594	3.02101	1.49917
1477010451550000	8.67672	20.7085	4.77629	3.41299	0.48089	radar	4.46155	9.84634	20.009	8.63315	20.8003	3.04738	1.4978
1477010451600000	8.40164	20.6245	4.84399	3.43916	0.48183	lidar	2.77497	8.22277	20.4839	8.39557	20.7357	3.07371	1.49594
1477010451650000	8.17317	20.5442	4.84727	3.46864	0.491862	radar	0.105027	8.29647	20.4978	8.1593	20.6657	3.10001	1.4936
1477010451700000	7.93117	20.4642	4.86657	3.4914	0.489467	lidar	0.126741	7.88599	20.45	7.92445	20.5903	3.12626	1.49077
1477010451750000	7.71559	20.3774	4.86685	3.5254	0.512558	radar	3.5071	8.29081	20.6565	7.69111	20.5096	3.15246	1.48744
1477010451800000	7.40864	20.3195	4.97508	3.52591	0.482792	lidar	3.50526	7.18029	20.392	7.45939	20.4236	3.17861	1.48361
1477010451850000	7.17711	20.2229	4.97449	3.5482	0.477792	radar	0.21624	7.09214	20.1196	7.22939	20.3326	3.20469	1.47928
1477010451900000	6.91285	20.1406	5.02112	3.55938	0.462916	lidar	0.711651	6.81542	20.1859	7.00119	20.2364	3.2307	1.47445
1477010451950000	6.6877	20.049	5.00682	3.5754	0.45074	radar	0.470576	6.89359	20.1536	6.7749	20.1352	3.25663	1.46912
1477010452000000	6.4396	19.9582	5.03215	3.58804	0.439416	lidar	0.341184	6.38914	20.0136	6.55059	20.0292	3.28247	1.46328
1477010452050000	6.22295	19.8644	5.01481	3.60572	0.435779	radar	2.83768	6.67637	20.2142	6.32834	19.9183	3.30822	1.45692
1477010452100000	5.96017	19.7714	5.06143	3.61255	0.418545	lidar	0.82312	5.86119	19.8306	6.10823	19.8027	3.33386	1.45006
1477010452150000	5.73238	19.6249	5.0988	3.65258	0.453866	radar	2.00078	5.28178	19.5036	5.89034	19.6824	3.3594	1.44269
1477010452200000	5.55437	19.5024	5.03913	3.68193	0.462254	lidar	1.34	5.69089	19.5755	5.67472	19.5577	3.38481	1.4348
1477010452250000	5.3534	19.3529	5.03394	3.71586	0.477499	radar	1.74933	5.9506	18.9859	5.46145	19.4284	3.4101	1.4264
1477010452300000	5.13951	19.2516	5.02201	3.7258	0.462394	lidar	1.92249	5.17021	19.4397	5.25059	19.2949	3.43526	1.41748
1477010452350000	4.94698	19.1402	4.96746	3.73494	0.435976	radar	4.63743	5.87397	19.301	5.04219	19.157	3.46027	1.40805
1477010452400000	4.78343	18.989	4.91988	3.76946	0.451183	lidar	0.71992	4.89149	18.982	4.8363	19.015	3.48513	1.39811
1477010452450000	4.57536	18.8387	4.94968	3.7954	0.461969	radar	1.48411	3.98679	19.0452	4.63297	18.8689	3.50982	1.38765
1477010452500000	4.39738	18.7069	4.91685	3.81561	0.45948	lidar	1.11162	4.4685	18.834	4.43224	18.7188	3.53435	1.37667
1477010452550000	4.21449	18.5651	4.87861	3.82922	0.438787	radar	1.35651	4.69245	18.4634	4.23416	18.5648	3.5587	1.36519
1477010452600000	4.08895	18.4093	4.80248	3.86695	0.458508	lidar	2.04455	4.26269	18.481	4.03876	18.4071	3.58287	1.35319
1477010452650000	3.90638	18.2362	4.8681	3.90747	0.5014	radar	7.17351	3.42433	18.8357	3.84606	18.2457	3.60683	1.34069
1477010452700000	3.65183	18.0953	4.94542	3.89979	0.461957	lidar	2.66908	3.45919	18.167	3.65611	18.0807	3.6306	1.32767
1477010452750000	3.48842	17.9447	4.88639	3.91204	0.437961	radar	3.38861	4.3011	17.9267	3.46891	17.9122	3.65415	1.31415
1477010452800000	3.26236	17.778	4.9442	3.91655	0.416592	lidar	1.18696	3.12525	17.7493	3.28449	17.7402	3.67748	1.30013
1477010452850000	3.08385	17.594	4.98535	3.94808	0.441968	radar	2.404	2.65664	17.888	3.10287	17.565	3.70057	1.2856
1477010452900000	2.90413	17.4765	4.94779	3.94771	0.417173	lidar	6.12408	2.9449	17.8154	2.92405	17.3866	3.72343	1.27057
1477010452950000	2.76293	17.2598	4.9847	4.00023	0.470962	radar	3.16872	3.26647	17.0897	2.74805	17.2051	3.74603	1.25505
1477010453000000	2.58765	17.0742	4.99734	4.01765	0.463677	lidar	0.0798825	2.55407	17.0853	2.57486	17.0205	3.76838	1.23904
1477010453050000	2.42338	16.908	4.93955	4.02003	0.42392	radar	2.08665	2.55039	16.8884	2.4045	16.833	3.79045	1.22254
1477010453100000	2.25869	16.7357	4.93338	4.03268	0.414263	lidar	0.510796	2.25371	16.8334	2.23695	16.6427	3.81225	1.20556
1477010453150000	2.08423	16.5403	4.93125	4.03988	0.387929	radar	5.00039	1.57735	16.0489	2.07221	16.4497	3.83377	1.1881
1477010453200000	1.92968	16.3101	4.96545	4.06824	0.397489	lidar	2.26844	1.88972	16.1054	1.91027	16.2539	3.85499	1.17016
1477010453250000	1.77233	16.134	4.92773	4.07132	0.368243	radar	1.05117	1.74363	16.2687	1.75112	16.0557	3.8759	1.15175
1477010453300000	1.56719	15.9659	4.96051	4.06032	0.333593	lidar	1.7499	1.44745	16.0853	1.59474	15.8549	3.8965	1.13288
1477010453350000	1.44106	15.7348	5.00441	4.10368	0.378723	radar	2.06589	1.6097	15.5526	1.44111	15.6517	3.91678	1.11355
1477010453400000	1.26864	15.5172	5.04557	4.11412	0.368125	lidar	0.832164	1.18395	15.4284	1.29021	15.4463	3.93673	1.09376
1477010453450000	1.11212	15.3244	5.03519	4.11964	0.34927	radar	0.969006	0.828993	15.528	1.14201	15.2386	3.95633	1.07353
1477010453500000	0.90087	15.1067	5.11182	4.11222	0.319034	lidar	2.45749	0.722706	15.0075	0.996486	15.0288	3.97559	1.05286
1477010453550000	0.753424	14.9259	5.05719	4.11095	0.287934	radar	2.4414	1.03147	15.2134	0.853604	14.8169	3.99449	1.03175
1477010453600000	0.650375	14.711	5.02645	4.141	0.306489	lidar	0.487718	0.737301	14.7047	0.71333	14.603	4.01303	1.01022
1477010453650000	0.538818	14.47	5.06316	4.17908	0.343706	radar	1.78868	0.722177	14.2445	0.575628	14.3872	4.03118	0.988266
1477010453700000	0.365109	14.2483	5.10902	4.17918	0.323165	lidar	0.884918	0.253435	14.2028	0.440459	14.1696	4.04896	0.965901
1477010453750000	0.245022	13.9967	5.1832	4.21741	0.366374	radar	3.16234	-0.0328025	13.9604	0.307779	13.9502	4.06635	0.943133
1477010453800000	0.228716	13.7475	5.11117	4.28042	0.419601	lidar	3.659	0.459172	13.6856	0.177545	13.7292	4.08333	0.919968
1477010453850000	0.12622	13.505	5.14898	4.3095	0.437007	radar	1.01414	0.0524417	13.6377	0.0497099	13.5065	4.09991	0.896416
1477010453900000	-0.0403944	13.2748	5.1969	4.30248	0.401798	lidar	1.46305	-0.190344	13.2856	-0.0757753	13.2823	4.11607	0.872484
1477010453950000	-0.158472	13.0562	5.15765	4.30591	0.373498	radar	1.08925	-0.275042	13.1456	-0.198962	13.0566	4.13181	0.848183
1477010454000000	-0.16461	12.8292	5.07486	4.36115	0.419052	lidar	3.35199	0.0462308	12.9301	-0.319903	12.8295	4.14712	0.82352
1477010454050000	-0.283271	12.6037	5.04081	4.35855	0.380055	radar	3.5408	-0.684792	12.3563	-0.438654	12.6011	4.16199	0.798506
1477010454100000	-0.402492	12.3681	5.06339	4.36283	0.361796	lidar	0.356378	-0.476482	12.3633	-0.555273	12.3714	4.17641	0.773149
1477010454150000	-0.526946	12.1593	5.03188	4.35432	0.323294	radar	3.8094	-0.972122	12.5207	-0.669817	12.1404	4.19038	0.747461
1477010454200000	-0.605135	11.9396	5.0084	4.37135	0.324901	lidar	0.537836	-0.582624	12.0386	-0.78235	11.9083	4.20389	0.721451
1477010454250000	-0.731597	11.7115	5.01149	4.36377	0.291433	radar	2.79146	-1.26757	11.6495	-0.892931	11.6751	4.21694	0.695129
1477010454300000	-0.926714	11.4687	5.09096	4.33072	0.232576	lidar	4.1294	-1.17212	11.3988	-1.00163	11.4409	4.22951	0.668505
1477010454350000	-1.03299	11.2428	5.04393	4.32533	0.198565	radar	2.85593	-0.891441	10.959	-1.1085	11.2057	4.2416	0.641592
1477010454400000	-1.20917	11.0161	5.09013	4.29861	0.15435	lidar	2.20993	-1.39289	11.0424	-1.21362	10.9695	4.25321	0.614399
1477010454450000	-1.28807	10.7703	5.12267	4.32663	0.190565	radar	1.35432	-1.29894	10.9012	-1.31706	10.7324	4.26433	0.586937
1477010454500000	-1.41684	10.517	5.16377	4.3242	0.176081	lidar	0.892233	-1.49687	10.4198	-1.41889	10.4945	4.27495	0.559219
1477010454550000	-1.50321	10.2549	5.20923	4.34742	0.202311	radar	1.47441	-1.59293	10.0212	-1.51917	10.2559	4.28507	0.531256
1477010454600000	-1.60193	10.0442	5.17657	4.35001	0.193933	lidar	1.95716	-1.61875	10.2374	-1.61797	10.0165	4.29468	0.503058
1477010454650000	-1.69138	9.81408	5.15041	4.35564	0.185184	radar	0.514001	-1.59701	9.96554	-1.71539	9.77637	4.30378	0.47464
1477010454700000	-1.76631	9.59331	5.1169	4.36797	0.189174	lidar	0.818762	-1.73381	9.71347	-1.81147	9.53564	4.31236	0.446011
1477010454750000	-1.87549	9.34188	5.16821	4.37427	0.193244	radar	2.54439	-2.27191	9.37316	-1.90631	9.29431	4.32042	0.417185
1477010454800000	-1.95611	9.0504	5.22094	4.39173	0.201722	lidar	4.09731	-1.93833	8.77028	-1.99998	9.05243	4.32796	0.388174
1477010454850000	-2.04307	8.82694	5.17299	4.39015	0.179455	radar	1.81972	-1.96565	9.13274	-2.09256	8.81003	4.33496	0.35899
1477010454900000	-2.13904	8.57512	5.19096	4.3935	0.172596	lidar	0.149993	-2.1768	8.5411	-2.18412	8.56717	4.34144	0.329646
1477010454950000	-2.26717	8.32154	5.22978	4.38198	0.147291	radar	2.83226	-2.65863	8.19477	-2.27474	8.32388	4.34737	0.300154
1477010455000000	-2.31416	8.08753	5.18858	4.40339	0.164323	lidar	0.793011	-2.21875	8.15339	-2.3645	8.0802	4.35277	0.270528
1477010455050000	-2.37847	7.87371	5.13053	4.41094	0.160398	radar	5.50603	-2.273	8.52315	-2.45348	7.83617	4.35763	0.240781
1477010455100000	-2.49169	7.62272	5.16387	4.40361	0.141989	lidar	0.690783	-2.59674	7.60288	-2.54177	7.59183	4.36194	0.210925
1477010455150000	-2.65567	7.38812	5.17087	4.36071	0.0647326	radar	5.63269	-3.08256	7.38874	-2.62944	7.34723	4.3657	0.180973
1477010455200000	-2.75946	7.13244	5.19731	4.35907	0.0587913	lidar	0.342619	-2.79865	7.064	-2.71658	7.10238	4.36892	0.15094
1477010455250000	-2.82077	6.89741	5.18132	4.37871	0.0871578	radar	1.67046	-2.79412	7.20818	-2.80326	6.85734	4.37158	0.120837
1477010455300000	-2.86338	6.68836	5.10721	4.3961	0.10249	lidar	2.55442	-2.74651	6.86867	-2.88957	6.61214	4.37369	0.0906778
1477010455350000	-2.92932	6.46531	5.04214	4.39239	0.0746298	radar	4.08506	-2.57673	6.36755	-2.97559	6.36681	4.37525	0.0604766
1477010455400000	-2.98398	6.22873	5.02092	4.40563	0.0856153	lidar	0.385762	-2.90217	6.22989	-3.0614	6.12139	4.37625	0.0302462
1477010455450000	-3.10137	5.98175	5.06686	4.39564	0.0720347	radar	3.35689	-3.50172	6.10796	-3.14709	5.87592	4.3767	-7.7421e-16
1477010455500000	-3.18352	5.7085	5.11066	4.40117	0.0739736	lidar	1.65784	-3.17781	5.53101	-3.23274	5.63044	4.3766	-0.0302486
1477010455550000	-3.29299	5.46157	5.11497	4.38077	0.0286924	radar	2.2268	-3.19736	5.19093	-3.31843	5.38497	4.37594	-0.0604861
1477010455600000	-3.38939	5.20085	5.14964	4.37892	0.0248632	lidar	0.587502	-3.43031	5.10507	-3.40424	5.13955	4.37473	-0.0906993
1477010455650000	-3.45649	4.95497	5.14892	4.39244	0.0467539	radar	0.248752	-3.4281	4.94644	-3.49026	4.89422	4.37296	-0.120875
1477010455700000	-3.57055	4.67802	5.21809	4.38545	0.0365237	lidar	2.17377	-3.69435	4.52196	-3.57657	4.64902	4.37064	-0.150999
1477010455750000	-3.68002	4.42565	5.22771	4.36544	-0.00714988	radar	2.21202	-3.50501	4.17643	-3.66325	4.40398	4.36777	-0.181059
1477010455800000	-3.81282	4.1555	5.29623	4.3516	-0.0213161	lidar	2.61014	-4.00238	4.04684	-3.75039	4.15913	4.36435	-0.211042
1477010455850000	-3.89308	3.91461	5.28448	4.36273	0.00468398	radar	1.19352	-4.06447	4.10977	-3.83806	3.91452	4.36038	-0.240933
1477010455900000	-3.96552	3.68132	5.24913	4.36747	0.00886915	lidar	0.656051	-3.88053	3.75177	-3.92635	3.67019	4.35587	-0.270721
1477010455950000	-4.06762	3.47463	5.19557	4.34879	-0.0281063	radar	4.13894	-4.23729	3.88878	-4.01533	3.42616	4.35081	-0.300392
1477010456000000	-4.15876	3.23005	5.19726	4.34811	-0.0273119	lidar	0.00871521	-4.15119	3.21968	-4.10509	3.18248	4.34522	-0.329933
1477010456050000	-4.27446	2.97609	5.22858	4.33286	-0.0541256	radar	0.762556	-4.27467	2.88187	-4.19571	2.93919	4.33908	-0.359331
1477010456100000	-4.36408	2.70299	5.26671	4.33685	-0.0459216	lidar	1.32576	-4.32451	2.55034	-4.28727	2.69633	4.33241	-0.388573
1477010456150000	-4.45076	2.45335	5.26634	4.34239	-0.0310966	radar	0.19681	-4.38481	2.39989	-4.37985	2.45393	4.32521	-0.417647
1477010456200000	-4.55518	2.18912	5.30219	4.34099	-0.0295275	lidar	0.669384	-4.61223	2.09192	-4.47352	2.21205	4.31749	-0.446541
1477010456250000	-4.66528	1.95761	5.29114	4.3156	-0.0846946	radar	4.01125	-4.29257	1.92854	-4.56836	1.97072	4.30924	-0.475242
1477010456300000	-4.78061	1.68505	5.34552	4.31259	-0.0808248	lidar	1.59288	-4.86829	1.53442	-4.66444	1.72998	4.30047	-0.503737
1477010456350000	-4.90454	1.43629	5.36907	4.2953	-0.107715	radar	0.544656	-4.98165	1.43611	-4.76186	1.48989	4.29119	-0.532014
1477010456400000	-4.96418	1.20142	5.3138	4.30218	-0.0975791	lidar	4.91832	-4.66779	1.28643	-4.86067	1.25049	4.2814	-0.560063
1477010456450000	-5.05988	0.983291	5.26362	4.29932	-0.0912966	radar	1.10868	-4.98594	1.10894	-4.96094	1.01182	4.2711	-0.58787
1477010456500000	-5.12116	0.750218	5.21747	4.30578	-0.0819627	lidar	3.95754	-4.85498	0.825662	-5.06277	0.77393	4.26031	-0.615424
1477010456550000	-5.21473	0.457415	5.29818	4.31131	-0.0749836	radar	5.2584	-4.84736	0.18101	-5.16621	0.536876	4.24903	-0.642715
1477010456600000	-5.28976	0.21656	5.27303	4.3151	-0.0679699	lidar	1.52615	-5.1231	0.257311	-5.27133	0.300706	4.23725	-0.669729
1477010456650000	-5.39921	-0.0187834	5.25379	4.31806	-0.0443262	radar	5.90613	-5.99809	-0.290765	-5.3782	0.0654719	4.225	-0.696457
1477010456700000	-5.47038	-0.257814	5.22837	4.3237	-0.0367356	lidar	1.6168	-5.29972	-0.212982	-5.4869	-0.168772	4.21227	-0.722888
1477010456750000	-5.59108	-0.441658	5.15851	4.29892	-0.0719614	radar	3.87122	-5.64447	-0.144522	-5.59748	-0.401971	4.19907	-0.749011
1477010456800000	-5.72801	-0.627198	5.1037	4.27336	-0.100505	lidar	2.75338	-5.85359	-0.445801	-5.71001	-0.634069	4.18541	-0.774816
1477010456850000	-5.84304	-0.854245	5.1291	4.25188	-0.141985	radar	5.40296	-5.30947	-0.724468	-5.82456	-0.865006	4.17129	-0.800292
1477010456900000	-5.93824	-1.12214	5.17422	4.26054	-0.120861	lidar	1.41679	-5.87835	-1.26863	-5.94118	-1.09472	4.15673	-0.825429
1477010456950000	-6.02668	-1.38967	5.21208	4.27078	-0.100378	radar	2.7949	-5.68069	-1.52871	-6.05993	-1.32316	4.14172	-0.850218
1477010457000000	-6.16534	-1.59708	5.18781	4.25008	-0.120597	lidar	1.08975	-6.27264	-1.50938	-6.18087	-1.55025	4.12629	-0.87465
1477010457050000	-6.30936	-1.83189	5.25318	4.21913	-0.176334	radar	4.10348	-6.11355	-1.75966	-6.30406	-1.77593	4.11042	-0.898715
1477010457100000	-6.41519	-2.08141	5.26868	4.22161	-0.161715	lidar	0.49856	-6.34007	-2.13685	-6.42954	-2.00014	4.09414	-0.922403
1477010457150000	-6.56684	-2.28425	5.23805	4.19873	-0.178427	radar	3.06211	-6.99344	-2.17445	-6.55738	-2.22281	4.07745	-0.945708
1477010457200000	-6.71645	-2.49351	5.22463	4.17824	-0.193392	lidar	0.46746	-6.79288	-2.4458	-6.68761	-2.44386	4.06035	-0.968618
1477010457250000	-6.87265	-2.70552	5.22789	4.15607	-0.211926	radar	1.1105	-7.14408	-2.67584	-6.82029	-2.66323	4.04286	-0.991128
1477010457300000	-6.96439	-2.9747	5.26453	4.17483	-0.173603	lidar	2.51838	-6.8003	-3.10086	-6.95546	-2.88084	4.02498	-1.01323
1477010457350000	-7.09327	-3.19882	5.2449	4.1715	-0.16174	radar	0.267476	-7.13937	-3.22028	-7.09316	-3.09663	4.00673	-1.03491
1477010457400000	-7.21809	-3.39445	5.20127	4.15858	-0.169433	lidar	1.38123	-7.12118	-3.26434	-7.23344	-3.31051	3.9881	-1.05617
1477010457450000	-7.36402	-3.64195	5.2393	4.15581	-0.160167	radar	4.46364	-7.77186	-4.08999	-7.37632	-3.5224	3.96912	-1.077
1477010457500000	-7.52385	-3.78105	5.1466	4.11627	-0.202948	lidar	4.82852	-7.49009	-3.49081	-7.52184	-3.73223	3.94978	-1.09739
1477010457550000	-7.66879	-3.98964	5.15147	4.10343	-0.209186	radar	0.462988	-7.52393	-3.88213	-7.67004	-3.93992	3.9301	-1.11733
1477010457600000	-7.82275	-4.21813	5.17749	4.09655	-0.203893	lidar	0.509661	-7.88049	-4.29783	-7.82094	-4.14539	3.91009	-1.13683
1477010457650000	-7.97384	-4.43621	5.18396	4.08907	-0.199286	radar	0.395313	-8.08524	-4.57834	-7.97457	-4.34854	3.88974	-1.15586
1477010457700000	-8.13465	-4.67435	5.22389	4.08498	-0.190793	lidar	1.23581	-8.22492	-4.79812	-8.13095	-4.5493	3.86909	-1.17444
1477010457750000	-8.27376	-4.87882	5.15935	4.08637	-0.165883	radar	2.53018	-8.453	-4.95621	-8.29011	-4.74759	3.84812	-1.19254
1477010457800000	-8.40587	-5.09832	5.15965	4.08826	-0.152952	lidar	0.287637	-8.33552	-5.1059	-8.45204	-4.94331	3.82686	-1.21018
1477010457850000	-8.55239	-5.26689	5.07355	4.07545	-0.152233	radar	3.98103	-8.55062	-4.79248	-8.61678	-5.13637	3.8053	-1.22733
1477010457900000	-8.74336	-5.46486	5.09417	4.05265	-0.171072	lidar	1.71889	-8.91477	-5.51752	-8.78433	-5.32669	3.78346	-1.244
1477010457950000	-8.90227	-5.66223	5.08091	4.04389	-0.169162	radar	0.337437	-9.04115	-5.69364	-8.95469	-5.51417	3.76136	-1.26019
1477010458000000	-9.05953	-5.84866	5.06691	4.03188	-0.173882	lidar	0.148614	-9.03391	-5.80267	-9.12788	-5.69872	3.73899	-1.27588
1477010458050000	-9.19827	-6.00696	4.97483	4.02271	-0.169269	radar	6.28262	-8.86897	-5.41973	-9.30388	-5.88026	3.71636	-1.29109
1477010458100000	-9.37833	-6.10951	4.89315	3.97851	-0.215579	lidar	4.90727	-9.30811	-5.82368	-9.4827	-6.05868	3.69349	-1.30579
1477010458150000	-9.55371	-6.29201	4.9007	3.96484	-0.218722	radar	0.899493	-9.80646	-6.41174	-9.66432	-6.23389	3.67039	-1.31999
1477010458200000	-9.69319	-6.50103	4.91211	3.97354	-0.19387	lidar	0.518978	-9.62547	-6.55958	-9.84874	-6.4058	3.64706	-1.33369
1477010458250000	-9.91572	-6.65989	4.96373	3.93419	-0.235048	radar	6.97202	-10.6688	-6.35543	-10.0359	-6.57431	3.62351	-1.34689
1477010458300000	-10.1191	-6.82323	4.97352	3.90858	-0.252221	lidar	0.627133	-10.2246	-6.83402	-10.2259	-6.73933	3.59976	-1.35957
1477010458350000	-10.3042	-6.98472	4.98471	3.88974	-0.26179	radar	1.0308	-10.2205	-6.71044	-10.4186	-6.90075	3.5758	-1.37175
1477010458400000	-10.5333	-7.16392	5.03337	3.86522	-0.27516	lidar	3.56775	-10.7616	-7.29159	-10.614	-7.05849	3.55166	-1.38342
1477010458450000	-10.7394	-7.3051	5.03478	3.83683	-0.294482	radar	1.88984	-10.8944	-6.83335	-10.8121	-7.21245	3.52733	-1.39457
1477010458500000	-10.9852	-7.46559	5.08066	3.80557	-0.314201	lidar	3.52057	-11.2219	-7.56979	-11.0128	-7.36252	3.50283	-1.40521
1477010458550000	-11.1745	-7.60519	5.03941	3.78836	-0.315851	radar	1.25111	-10.986	-7.3707	-11.2161	-7.50861	3.47816	-1.41533
1477010458600000	-11.3236	-7.76122	4.99599	3.79147	-0.293229	lidar	3.18231	-11.0934	-7.6776	-11.422	-7.65064	3.45334	-1.42495
1477010458650000	-11.5196	-7.88763	4.96351	3.76934	-0.3027	radar	1.80872	-11.4213	-7.46085	-11.6304	-7.78849	3.42838	-1.43404
1477010458700000	-11.7003	-7.9925	4.91049	3.74568	-0.314374	lidar	3.09492	-11.5269	-7.8215	-11.8413	-7.92208	3.40327	-1.44262
1477010458750000	-11.8945	-8.10485	4.83745	3.72272	-0.323416	radar	1.85958	-11.9422	-7.88317	-12.0546	-8.05131	3.37803	-1.45069
1477010458800000	-12.11	-8.19545	4.81814	3.68702	-0.34796	lidar	0.708945	-12.09	-8.08828	-12.2702	-8.17609	3.35267	-1.45824
1477010458850000	-12.3361	-8.32338	4.89367	3.66715	-0.349627	radar	2.67497	-12.4462	-8.02117	-12.4881	-8.29633	3.3272	-1.46528
1477010458900000	-12.54	-8.4042	4.85551	3.63599	-0.367285	lidar	1.83194	-12.4231	-8.2599	-12.7082	-8.41193	3.30162	-1.47181
1477010458950000	-12.7468	-8.48923	4.79117	3.60663	-0.383059	radar	1.72095	-12.7461	-8.19449	-12.9304	-8.5228	3.27594	-1.47783
1477010459000000	-13.0239	-8.57815	4.84833	3.56392	-0.410709	lidar	4.06882	-13.2911	-8.64594	-13.1547	-8.62886	3.25017	-1.48334
1477010459050000	-13.2724	-8.67818	4.90628	3.5396	-0.412535	radar	2.76583	-13.7929	-8.47158	-13.381	-8.73002	3.22432	-1.48835
1477010459100000	-13.494	-8.72505	4.87323	3.50074	-0.435673	lidar	1.85525	-13.384	-8.57583	-13.6092	-8.82619	3.19839	-1.49285
1477010459150000	-13.7119	-8.76378	4.79179	3.458	-0.467365	radar	3.71243	-13.6376	-8.26343	-13.8392	-8.91729	3.1724	-1.49684
1477010459200000	-13.9369	-8.87639	4.80911	3.45331	-0.444131	lidar	0.958769	-13.9959	-8.99264	-14.0709	-9.00324	3.14634	-1.50034
1477010459250000	-14.1874	-8.96861	4.89523	3.44159	-0.423543	radar	2.95442	-14.4737	-8.79552	-14.3043	-9.08395	3.12023	-1.50335
1477010459300000	-14.4096	-9.08186	4.89977	3.44238	-0.396736	lidar	0.705145	-14.4273	-9.1875	-14.5391	-9.15936	3.09407	-1.50585
1477010459350000	-14.6391	-9.15237	4.88196	3.42239	-0.398739	radar	0.269331	-14.5757	-9.32634	-14.7754	-9.22939	3.06788	-1.50787
1477010459400000	-14.9247	-9.14924	4.91939	3.36179	-0.447124	lidar	1.96072	-15.062	-9.04396	-15.013	-9.29397	3.04164	-1.50941
1477010459450000	-15.1827	-9.2228	4.95433	3.34717	-0.436136	radar	4.5507	-15.6189	-9.69365	-15.2517	-9.35302	3.01538	-1.51046
1477010459500000	-15.4459	-9.34002	5.00191	3.35337	-0.401211	lidar	5.40214	-15.6682	-9.56749	-15.4916	-9.40649	2.9891	-1.51103
1477010459550000	-15.6897	-9.36779	4.95555	3.31742	-0.428361	radar	2.06455	-15.9381	-9.35751	-15.7324	-9.45431	2.96281	-1.51112
1477010459600000	-15.9463	-9.45397	4.98313	3.31487	-0.405015	lidar	2.16608	-16.0862	-9.59819	-15.9741	-9.49642	2.9365	-1.51075
1477010459650000	-16.1982	-9.46176	4.96212	3.275	-0.433689	radar	2.29858	-16.6033	-8.85459	-16.2164	-9.53277	2.9102	-1.50991
1477010459700000	-16.4499	-9.45605	4.96298	3.23611	-0.454323	lidar	0.489013	-16.4229	-9.37029	-16.4594	-9.5633	2.88389	-1.50861
1477010459750000	-16.6691	-9.45398	4.9052	3.20286	-0.472909	radar	5.17474	-16.011	-9.33486	-16.7027	-9.58797	2.85759	-1.50685
1477010459800000	-16.9518	-9.44005	4.95288	3.16294	-0.49115	lidar	1.44659	-17.1132	-9.43043	-16.9464	-9.60673	2.83131	-1.50465
1477010459850000	-17.2034	-9.50071	4.98143	3.16951	-0.447417	radar	7.90603	-16.9255	-10.8571	-17.1903	-9.61954	2.80504	-1.50199
1477010459900000	-17.4633	-9.51973	4.9971	3.15292	-0.440177	lidar	0.507682	-17.5448	-9.57485	-17.4342	-9.62636	2.7788	-1.4989
1477010459950000	-17.7213	-9.50795	4.99204	3.12082	-0.457458	radar	1.69728	-18.1371	-9.39146	-17.6781	-9.62717	2.75258	-1.49537
1477010460000000	-17.9758	-9.47596	5.00014	3.08669	-0.470575	lidar	0.180481	-17.9724	-9.42299	-17.9216	-9.62194	2.7264	-1.49142
1477010460050000	-18.2204	-9.43662	4.9771	3.0479	-0.496105	radar	0.705088	-18.3083	-9.18778	-18.1648	-9.61064	2.70025	-1.48704
1477010460100000	-18.4227	-9.48358	4.90899	3.05867	-0.455966	lidar	2.36709	-18.2763	-9.60997	-18.4074	-9.59325	2.67415	-1.48224
1477010460150000	-18.659	-9.47127	4.91234	3.04551	-0.43873	radar	1.6903	-18.2443	-9.58547	-18.6493	-9.56977	2.64809	-1.47704
1477010460200000	-18.9073	-9.46349	4.91536	3.0318	-0.42898	lidar	0.271151	-18.9545	-9.51544	-18.8904	-9.54017	2.62208	-1.47143
1477010460250000	-19.1375	-9.42558	4.90992	3.01028	-0.424712	radar	3.95044	-18.6983	-9.02886	-19.1305	-9.50446	2.59612	-1.46542
1477010460300000	-19.383	-9.30583	4.93195	2.95072	-0.469153	lidar	2.99781	-19.2983	-9.09865	-19.3694	-9.46265	2.57021	-1.45902
1477010460350000	-19.6168	-9.2286	4.9116	2.90864	-0.499975	radar	1.12455	-19.7037	-8.79906	-19.6069	-9.41472	2.54437	-1.45224
1477010460400000	-19.8681	-9.10561	4.948	2.85545	-0.531907	lidar	1.29078	-19.8731	-8.96417	-19.8431	-9.36071	2.51859	-1.44507
1477010460450000	-20.1055	-9.00427	4.96163	2.81727	-0.54364	radar	4.93934	-20.3815	-7.67549	-20.0775	-9.30061	2.49288	-1.43754
1477010460500000	-20.2802	-9.13266	4.80296	2.88042	-0.444289	lidar	14.8592	-20.1607	-9.59663	-20.3102	-9.23446	2.46723	-1.42965
1477010460550000	-20.5191	-9.09091	4.81187	2.87143	-0.424803	radar	1.54388	-20.4587	-9.7448	-20.5409	-9.16227	2.44166	-1.4214
1477010460600000	-20.7402	-8.99545	4.81132	2.83723	-0.439752	lidar	0.711767	-20.6596	-8.91527	-20.7695	-9.08408	2.41616	-1.4128
1477010460650000	-20.9822	-8.91408	4.8267	2.81073	-0.447798	radar	2.4412	-21.5568	-8.5005	-20.9959	-8.99994	2.39073	-1.40386
1477010460700000	-21.1785	-8.84599	4.78045	2.79208	-0.444612	lidar	1.34351	-21.0195	-8.85082	-21.2198	-8.90987	2.36539	-1.39458
1477010460750000	-21.4117	-8.75746	4.78711	2.76504	-0.45519	radar	1.91374	-21.8628	-8.64129	-21.4412	-8.81393	2.34012	-1.38498
1477010460800000	-21.6049	-8.73265	4.71601	2.76833	-0.427018	lidar	1.85906	-21.5029	-8.87191	-21.6597	-8.71217	2.31494	-1.37506
1477010460850000	-21.7968	-8.58691	4.67828	2.70437	-0.498908	radar	6.62604	-21.9514	-7.41274	-21.8754	-8.60465	2.28985	-1.36482
1477010460900000	-21.9998	-8.51149	4.65378	2.68994	-0.487465	lidar	0.251486	-21.9793	-8.57089	-22.088	-8.49143	2.26484	-1.35429
1477010460950000	-22.2093	-8.40425	4.66914	2.67044	-0.473068	radar	1.94925	-22.1914	-7.70392	-22.2975	-8.37258	2.23991	-1.34346
1477010461000000	-22.44	-8.30735	4.69211	2.65435	-0.463933	lidar	1.19015	-22.5838	-8.35296	-22.5035	-8.24817	2.21508	-1.33234
1477010461050000	-22.6315	-8.18975	4.66992	2.62261	-0.480557	radar	0.940568	-22.3177	-8.57758	-22.7061	-8.11829	2.19034	-1.32094
1477010461100000	-22.8672	-7.95142	4.79597	2.5537	-0.527866	lidar	5.76065	-22.9861	-7.6724	-22.9049	-7.98301	2.16569	-1.30927
1477010461150000	-23.0582	-7.80007	4.78035	2.50534	-0.573607	radar	3.5311	-23.2693	-8.32031	-23.1	-7.84243	2.14113	-1.29733
1477010461200000	-23.2853	-7.62443	4.84849	2.47024	-0.578635	lidar	2.19689	-23.4777	-7.56583	-23.2911	-7.69663	2.11667	-1.28514
1477010461250000	-23.4852	-7.48632	4.86393	2.46192	-0.537267	radar	1.76684	-23.473	-7.02103	-23.4781	-7.54572	2.0923	-1.27271
1477010461300000	-23.6513	-7.3419	4.83099	2.43548	-0.537951	lidar	0.669152	-23.5408	-7.36069	-23.6609	-7.3898	2.06803	-1.26003
1477010461350000	-23.8422	-7.18271	4.8466	2.41475	-0.524182	radar	0.920492	-24.0505	-6.56969	-23.8393	-7.22897	2.04385	-1.24713
1477010461400000	-24.0042	-7.08795	4.76565	2.40968	-0.504024	lidar	2.11271	-23.9384	-7.26171	-24.0132	-7.06336	2.01977	-1.234
1477010461450000	-24.1717	-6.90546	4.77221	2.37092	-0.525521	radar	1.9641	-24.3577	-5.94086	-24.1825	-6.89307	1.99579	-1.22065
1477010461500000	-24.3321	-6.65518	4.84237	2.31484	-0.555632	lidar	3.2274	-24.2574	-6.4352	-24.347	-6.71823	1.97191	-1.2071
1477010461550000	-24.4995	-6.4783	4.83948	2.28211	-0.572364	radar	3.47717	-24.788	-7.18367	-24.5066	-6.53895	1.94812	-1.19335
1477010461600000	-24.5986	-6.33641	4.73799	2.25469	-0.574656	lidar	5.33803	-24.3008	-6.43799	-24.6612	-6.35538	1.92443	-1.17942
1477010461650000	-24.7394	-6.14719	4.73596	2.22354	-0.577108	radar	0.308133	-24.6108	-6.00878	-24.8107	-6.16764	1.90084	-1.1653
1477010461700000	-24.9214	-5.94428	4.78941	2.201	-0.568361	lidar	2.69431	-25.146	-5.91902	-24.955	-5.97587	1.87735	-1.15101
1477010461750000	-25.0523	-5.73987	4.79411	2.17045	-0.566747	radar	1.8569	-24.8975	-5.02285	-25.094	-5.7802	1.85395	-1.13656
1477010461800000	-25.1851	-5.56746	4.76362	2.15	-0.559381	lidar	0.354684	-25.1941	-5.64372	-25.2276	-5.58079	1.83065	-1.12195
1477010461850000	-25.3385	-5.38254	4.77297	2.1442	-0.51876	radar	1.32713	-25.5328	-5.4399	-25.3556	-5.37777	1.80745	-1.10719
1477010461900000	-25.4821	-5.15932	4.81249	2.11733	-0.51839	lidar	0.617949	-25.5712	-5.10241	-25.4779	-5.1713	1.78435	-1.09229
1477010461950000	-25.6139	-4.98202	4.79067	2.11455	-0.474468	radar	6.37113	-25.0178	-6.55904	-25.5946	-4.96152	1.76135	-1.07726
1477010462000000	-25.7283	-4.80828	4.74531	2.09698	-0.469326	lidar	0.565077	-25.6952	-4.89995	-25.7055	-4.7486	1.73844	-1.06211
1477010462050000	-25.8491	-4.60284	4.74956	2.07891	-0.457312	radar	0.214331	-25.8162	-4.40681	-25.8105	-4.53268	1.71563	-1.04685
1477010462100000	-25.961	-4.36105	4.79019	2.04787	-0.464936	lidar	0.540056	-25.9516	-4.26659	-25.9096	-4.31392	1.69292	-1.03148
1477010462150000	-26.07	-4.13965	4.79224	2.00349	-0.518871	radar	11.1128	-26.8953	-4.43966	-26.0027	-4.0925	1.6703	-1.01601
1477010462200000	-26.1608	-3.85802	4.86832	1.96154	-0.533982	lidar	2.04536	-26.1198	-3.67723	-26.0897	-3.86856	1.64778	-1.00046
1477010462250000	-26.2347	-3.6205	4.86922	1.90977	-0.588826	radar	3.52483	-26.5652	-3.85723	-26.1706	-3.64227	1.62536	-0.984821
1477010462300000	-26.2632	-3.35373	4.88611	1.85774	-0.612331	lidar	4.39396	-25.9974	-3.24722	-26.2453	-3.4138	1.60303	-0.969111
1477010462350000	-26.3128	-3.10951	4.88952	1.81195	-0.641735	radar	0.486191	-26.2976	-3.01078	-26.3138	-3.18332	1.58079	-0.953336
1477010462400000	-26.3371	-2.87333	4.87024	1.77031	-0.652505	lidar	1.40091	-26.1741	-2.87885	-26.376	-2.95098	1.55865	-0.937505
1477010462450000	-26.3954	-2.64674	4.85879	1.74844	-0.634937	radar	1.42907	-26.4681	-3.44967	-26.4319	-2.71697	1.53661	-0.921626
1477010462500000	-26.4719	-2.48939	4.76179	1.74058	-0.613878	lidar	5.82164	-26.674	-2.73852	-26.4815	-2.48143	1.51465	-0.905707
1477010462550000	-26.5274	-2.25431	4.76826	1.72445	-0.585158	radar	1.01317	-26.657	-1.72382	-26.5247	-2.24456	1.49279	-0.889755
1477010462600000	-26.5774	-2.05661	4.72082	1.7054	-0.576319	lidar	1.24706	-26.6691	-2.17333	-26.5616	-2.0065	1.47103	-0.873778
1477010462650000	-26.6086	-1.82011	4.72327	1.68625	-0.551544	radar	1.99709	-26.3248	-1.32261	-26.5921	-1.76744	1.44935	-0.857785
1477010462700000	-26.6064	-1.57221	4.73337	1.64829	-0.562125	lidar	1.119	-26.4671	-1.53207	-26.6161	-1.52753	1.42777	-0.841783
1477010462750000	-26.6035	-1.34148	4.72299	1.60582	-0.591328	radar	1.68235	-26.4998	-2.19525	-26.6338	-1.28695	1.40628	-0.825781
1477010462800000	-26.6069	-1.11469	4.70932	1.57642	-0.591617	lidar	0.0491557	-26.5998	-1.14277	-26.6451	-1.04586	1.38489	-0.809784
1477010462850000	-26.6363	-0.889325	4.70048	1.56164	-0.571781	radar	5.16786	-27.2008	-1.67678	-26.65	-0.804425	1.36358	-0.793802
1477010462900000	-26.6473	-0.640011	4.72487	1.53836	-0.565364	lidar	0.52757	-26.7355	-0.59539	-26.6485	-0.562812	1.34237	-0.777843
1477010462950000	-26.6346	-0.398525	4.73748	1.50004	-0.590605	radar	2.24486	-26.9891	0.0351491	-26.6406	-0.321181	1.32125	-0.761912
1477010463000000	-26.5891	-0.107841	4.8153	1.45991	-0.599289	lidar	2.61104	-26.4553	0.0602653	-26.6264	-0.0796947	1.30022	-0.746018
1477010463050000	-26.5697	0.131153	4.81874	1.43065	-0.603823	radar	2.75396	-26.9537	0.136944	-26.6059	0.161489	1.27928	-0.730167
1477010463100000	-26.5462	0.420128	4.89466	1.40549	-0.596064	lidar	1.71973	-26.6201	0.57588	-26.5792	0.402213	1.25843	-0.714368
1477010463150000	-26.5342	0.658102	4.88365	1.39722	-0.557362	radar	1.7888	-26.8241	0.381508	-26.5462	0.642323	1.23768	-0.698628
1477010463200000	-26.5267	0.937943	4.94158	1.38404	-0.540181	lidar	3.05615	-26.7293	1.06082	-26.5069	0.881666	1.21702	-0.682952
1477010463250000	-26.489	1.19589	4.95397	1.37768	-0.49151	radar	7.1305	-25.9562	2.60409	-26.4616	1.12009	1.19645	-0.667349
1477010463300000	-26.4322	1.43431	4.94876	1.35069	-0.494165	lidar	0.068412	-26.3986	1.42212	-26.4101	1.35745	1.17597	-0.651826
1477010463350000	-26.3934	1.65429	4.91127	1.3387	-0.469703	radar	8.32236	-26.5072	-0.563929	-26.3526	1.59361	1.15559	-0.636387
1477010463400000	-26.3384	1.86781	4.87452	1.31536	-0.470431	lidar	0.353061	-26.3594	1.79315	-26.2891	1.82841	1.1353	-0.621042
1477010463450000	-26.2703	2.09912	4.8723	1.28687	-0.48139	radar	0.239416	-26.3475	1.82827	-26.2197	2.06173	1.11511	-0.605796
1477010463500000	-26.2079	2.29535	4.81709	1.26325	-0.482108	lidar	0.818662	-26.2502	2.18481	-26.1444	2.29342	1.09501	-0.590655
1477010463550000	-26.1452	2.52378	4.80663	1.25262	-0.453097	radar	0.777185	-26.069	2.27896	-26.0633	2.52336	1.07501	-0.575626
1477010463600000	-26.0668	2.76495	4.82696	1.23088	-0.451716	lidar	0.10499	-26.0641	2.80701	-25.9765	2.75141	1.0551	-0.560715
1477010463650000	-25.9716	2.98757	4.83682	1.18896	-0.496514	radar	2.90779	-26.3234	3.02388	-25.884	2.97746	1.0353	-0.545928
1477010463700000	-25.8706	3.26297	4.91444	1.16666	-0.492309	lidar	1.53259	-25.8345	3.42005	-25.786	3.20139	1.01559	-0.53127
1477010463750000	-25.7876	3.49236	4.91663	1.1472	-0.488591	radar	2.13934	-26.1824	3.73376	-25.6826	3.42306	0.995982	-0.516749
1477010463800000	-25.6818	3.69529	4.88934	1.11962	-0.492482	lidar	0.225732	-25.6666	3.63509	-25.5737	3.64238	0.976476	-0.502369
1477010463850000	-25.565	3.90347	4.88018	1.08864	-0.503432	radar	1.13467	-25.5773	3.13316	-25.4596	3.85924	0.957073	-0.488137
1477010463900000	-25.4976	4.08629	4.8146	1.07518	-0.492556	lidar	3.81147	-25.7492	3.99967	-25.3402	4.07353	0.937775	-0.474056
1477010463950000	-25.3743	4.28896	4.80845	1.04599	-0.499744	radar	0.611063	-25.3516	3.75691	-25.2157	4.28514	0.918583	-0.460133
1477010464000000	-25.2148	4.50552	4.84039	1.01056	-0.510071	lidar	2.00897	-25.0214	4.52803	-25.0862	4.49399	0.899499	-0.446373
1477010464050000	-25.0644	4.70248	4.83077	0.986643	-0.493581	radar	8.95016	-24.2719	4.30917	-24.9518	4.69998	0.880524	-0.432781
1477010464100000	-24.9459	4.89688	4.81415	0.966523	-0.489145	lidar	0.44077	-25.0363	4.88499	-24.8126	4.90303	0.86166	-0.419361
1477010464150000	-24.7899	5.08809	4.81588	0.93667	-0.493137	radar	2.30865	-24.3609	4.95947	-24.6686	5.10304	0.84291	-0.406119
1477010464200000	-24.6221	5.30005	4.85613	0.908741	-0.495607	lidar	0.909287	-24.5041	5.35293	-24.5201	5.29995	0.824275	-0.393058
1477010464250000	-24.4502	5.47791	4.86785	0.86515	-0.532002	radar	0.934576	-24.4379	5.24592	-24.367	5.49367	0.805758	-0.380184
1477010464300000	-24.2633	5.65033	4.87204	0.828044	-0.543108	lidar	1.22624	-24.1159	5.61152	-24.2095	5.68415	0.787361	-0.3675
1477010464350000	-24.0975	5.8122	4.86156	0.79177	-0.563159	radar	3.2009	-24.5638	4.75836	-24.0477	5.8713	0.769086	-0.35501
1477010464400000	-23.9235	5.97278	4.84988	0.760933	-0.566382	lidar	0.0534974	-23.9153	5.94377	-23.8818	6.05508	0.750936	-0.342719
1477010464450000	-23.7796	6.1599	4.81063	0.770279	-0.489674	radar	4.76055	-23.5491	6.44495	-23.7117	6.23542	0.732913	-0.33063
1477010464500000	-23.6121	6.31576	4.79372	0.745268	-0.490772	lidar	0.102794	-23.6471	6.29102	-23.5377	6.41227	0.71502	-0.318746
1477010464550000	-23.463	6.49109	4.77133	0.742298	-0.452394	radar	1.83714	-23.7544	6.53746	-23.3598	6.58559	0.69726	-0.30707
1477010464600000	-23.2396	6.70972	4.87929	0.723843	-0.444792	lidar	4.24466	-23.0099	6.86182	-23.1781	6.75533	0.679636	-0.295607
1477010464650000	-23.0441	6.85227	4.86133	0.698446	-0.441048	radar	5.55105	-22.7862	5.74144	-22.9928	6.92146	0.66215	-0.284359
1477010464700000	-22.831	7.02391	4.90353	0.674856	-0.441633	lidar	1.02079	-22.6991	7.063	-22.804	7.08393	0.644806	-0.273329
1477010464750000	-22.6191	7.15873	4.91086	0.638569	-0.464227	radar	1.52972	-22.418	6.76159	-22.6117	7.24273	0.627606	-0.262519
1477010464800000	-22.4339	7.30447	4.90025	0.619202	-0.460356	lidar	0.296471	-22.5083	7.31524	-22.4161	7.39781	0.610555	-0.251932
1477010464850000	-22.2051	7.42962	4.94139	0.569581	-0.513463	radar	2.56734	-22.0543	7.85452	-22.2173	7.54917	0.593655	-0.24157
1477010464900000	-22.024	7.59203	4.94717	0.56055	-0.495381	lidar	2.12517	-22.1947	7.69478	-22.0154	7.69679	0.576909	-0.231435
1477010464950000	-21.8401	7.76251	4.93517	0.568353	-0.438735	radar	5.78481	-21.6178	9.0351	-21.8105	7.84064	0.560322	-0.221529
1477010465000000	-21.6324	7.90531	4.94597	0.550788	-0.433712	lidar	0.0832307	-21.6473	7.94	-21.6026	7.98072	0.543896	-0.211854
1477010465050000	-21.4415	8.04076	4.92323	0.541022	-0.413647	radar	1.64332	-21.8637	7.78661	-21.392	8.11703	0.527635	-0.202411
1477010465100000	-21.2148	8.07894	4.85483	0.488249	-0.450073	lidar	4.48127	-21.0852	7.8323	-21.1787	8.24957	0.511544	-0.193202
1477010465150000	-21.0231	8.23498	4.82991	0.504037	-0.378855	radar	6.37048	-20.5503	9.28616	-20.9628	8.37833	0.495624	-0.184227
1477010465200000	-20.8445	8.38674	4.82819	0.504658	-0.357444	lidar	3.0994	-21.0519	8.50983	-20.7445	8.50333	0.479882	-0.175488
1477010465250000	-20.6035	8.49702	4.87473	0.470209	-0.389773	radar	4.3934	-19.9265	9.40847	-20.5237	8.62457	0.464319	-0.166984
1477010465300000	-20.3552	8.63298	4.93235	0.45492	-0.384033	lidar	1.34134	-20.21	8.68914	-20.3006	8.74206	0.448941	-0.158718
1477010465350000	-20.1562	8.76567	4.90087	0.462854	-0.333433	radar	1.84301	-20.2277	8.8532	-20.0754	8.85583	0.433751	-0.150688
1477010465400000	-19.9567	8.86776	4.87341	0.447792	-0.332174	lidar	0.60152	-20.0633	8.86724	-19.848	8.96589	0.418753	-0.142894
1477010465450000	-19.7565	8.9894	4.84229	0.452518	-0.291362	radar	1.42419	-19.9264	8.7818	-19.6186	9.07227	0.403951	-0.135338
1477010465500000	-19.534	9.06117	4.81996	0.425381	-0.30546	lidar	0.644864	-19.4861	8.96664	-19.3873	9.17499	0.38935	-0.128018
1477010465550000	-19.2942	9.16828	4.85925	0.40613	-0.315751	radar	4.42172	-18.5719	10.2069	-19.1542	9.27409	0.374953	-0.120934
1477010465600000	-19.0097	9.25712	4.92501	0.378611	-0.327608	lidar	5.96998	-18.6786	9.19191	-18.9193	9.36959	0.360764	-0.114085
1477010465650000	-18.7921	9.34148	4.91089	0.360727	-0.331909	radar	1.68549	-19.2825	8.98189	-18.6827	9.46154	0.346788	-0.10747
1477010465700000	-18.538	9.44266	4.95165	0.346741	-0.328378	lidar	0.745316	-18.4242	9.46852	-18.4446	9.54997	0.333028	-0.101089
1477010465750000	-18.273	9.47219	4.98525	0.289887	-0.397315	radar	5.84857	-18.1634	8.72444	-18.2049	9.63492	0.31949	-0.0949386
1477010465800000	-17.9838	9.60056	5.08842	0.286053	-0.377773	lidar	3.4434	-17.7736	9.72478	-17.9639	9.71643	0.306177	-0.0890185
1477010465850000	-17.739	9.69206	5.07843	0.286307	-0.339774	radar	2.86897	-17.2296	9.97767	-17.7214	9.79457	0.293093	-0.0833268
1477010465900000	-17.465	9.80023	5.1414	0.280637	-0.325993	lidar	1.24629	-17.3436	9.88109	-17.4777	9.86936	0.280243	-0.0778614
1477010465950000	-17.2174	9.87651	5.14916	0.265915	-0.325908	radar	0.459576	-17.1554	10.212	-17.2328	9.94087	0.267631	-0.0726202
1477010466000000	-16.9462	10.0003	5.21481	0.269704	-0.302513	lidar	1.51587	-16.8876	10.145	-16.9868	10.0091	0.255261	-0.0676008
1477010466050000	-16.6914	10.067	5.21906	0.253558	-0.304126	radar	0.0655862	-16.5958	10.1078	-16.7396	10.0743	0.243136	-0.0628006
1477010466100000	-16.4433	10.1747	5.24075	0.25577	-0.284641	lidar	1.31263	-16.5153	10.3091	-16.4915	10.1363	0.231263	-0.0582168
1477010466150000	-16.1864	10.2426	5.25326	0.239682	-0.29111	radar	0.544072	-16.09	10.5824	-16.2424	10.1952	0.219643	-0.0538466
1477010466200000	-15.9495	10.2682	5.20887	0.213416	-0.304593	lidar	0.63112	-16.0059	10.1843	-15.9924	10.2511	0.208282	-0.0496867
1477010466250000	-15.7012	10.3346	5.19743	0.208388	-0.286043	radar	0.276957	-15.7234	10.41	-15.7416	10.3041	0.197183	-0.0457339
1477010466300000	-15.4778	10.329	5.12506	0.174503	-0.308712	lidar	1.71219	-15.5699	10.1904	-15.4899	10.3543	0.186351	-0.0419846
1477010466350000	-15.1843	10.3509	5.20125	0.134359	-0.356953	radar	7.83412	-14.2385	10.9109	-15.2376	10.4016	0.175789	-0.0384351
1477010466400000	-14.9236	10.4061	5.21685	0.125076	-0.347145	lidar	0.266149	-14.9365	10.4722	-14.9846	10.4462	0.165502	-0.0350815
1477010466450000	-14.6785	10.4437	5.15904	0.12776	-0.299313	radar	6.53864	-14.724	9.63506	-14.7309	10.4882	0.155493	-0.0319198
1477010466500000	-14.434	10.4099	5.11293	0.0879178	-0.328156	lidar	2.12602	-14.4088	10.222	-14.4766	10.5276	0.145766	-0.0289457
1477010466550000	-14.1735	10.4358	5.11663	0.0757564	-0.319517	radar	0.579456	-13.9005	10.5238	-14.2218	10.5645	0.136324	-0.0261548
1477010466600000	-13.8707	10.585	5.23684	0.110603	-0.259354	lidar	7.95131	-13.8049	10.9383	-13.9665	10.5989	0.127172	-0.0235425
1477010466650000	-13.6145	10.6486	5.21423	0.126213	-0.20572	radar	2.16035	-13.3956	10.7857	-13.7107	10.631	0.118313	-0.0211041
1477010466700000	-13.3633	10.6474	5.19078	0.103149	-0.22052	lidar	0.546742	-13.3556	10.5517	-13.4545	10.6608	0.10975	-0.0188347
1477010466750000	-13.0999	10.6737	5.20135	0.0910333	-0.223577	radar	0.209918	-12.9374	10.8137	-13.1979	10.6884	0.101487	-0.0167293
1477010466800000	-12.8443	10.7679	5.22597	0.108408	-0.191188	lidar	3.97747	-12.9591	11.0099	-12.9409	10.7138	0.0935269	-0.0147826
1477010466850000	-12.5789	10.8202	5.23467	0.112837	-0.168882	radar	1.40319	-12.2518	11.2495	-12.6836	10.7373	0.0858731	-0.0129893
1477010466900000	-12.3424	10.7867	5.17858	0.0808269	-0.195662	lidar	1.95677	-12.3713	10.6091	-12.426	10.7587	0.0785286	-0.0113439
1477010466950000	-12.0844	10.8255	5.17057	0.0854631	-0.168889	radar	0.614723	-11.9352	10.9161	-12.1681	10.7783	0.0714965	-0.0098407
1477010467000000	-11.8371	10.8893	5.1733	0.0939094	-0.150017	lidar	2.04412	-11.9451	11.0515	-11.91	10.7961	0.0647797	-0.00847403
1477010467050000	-11.5604	10.9103	5.19905	0.0848062	-0.151978	radar	2.64656	-10.9703	10.9676	-11.6516	10.8121	0.0583809	-0.00723797
1477010467100000	-11.33	10.9248	5.15811	0.0752677	-0.15436	lidar	0.856878	-11.4548	10.9407	-11.393	10.8265	0.0523028	-0.00612651
1477010467150000	-11.0661	10.857	5.19883	0.00310145	-0.273602	radar	9.73362	-11.3472	10.5111	-11.1342	10.8394	0.046548	-0.00513352
1477010467200000	-10.7769	10.8279	5.22905	-0.0218638	-0.285819	lidar	2.73374	-10.6009	10.6822	-10.8753	10.8509	0.0411189	-0.00425277
1477010467250000	-10.5212	10.8243	5.22012	-0.0334669	-0.28114	radar	0.17678	-10.6563	10.8369	-10.6161	10.8609	0.0360177	-0.00347791
1477010467300000	-10.287	10.8187	5.18555	-0.0456837	-0.279565	lidar	1.01998	-10.4142	10.8747	-10.3569	10.8697	0.0312467	-0.00280251
1477010467350000	-10.0368	10.8746	5.13601	-0.00916618	-0.186796	radar	6.66741	-9.90413	11.2255	-10.0976	10.8772	0.0268078	-0.00222002
1477010467400000	-9.77697	10.9207	5.15447	0.00105388	-0.164389	lidar	2.01985	-9.83445	11.1032	-9.83808	10.8837	0.022703	-0.00172384
1477010467450000	-9.54351	10.903	5.11218	-0.0120233	-0.167091	radar	4.03799	-10.195	10.3498	-9.57852	10.8891	0.0189341	-0.00130726
1477010467500000	-9.28381	10.9281	5.126	-0.00896923	-0.154177	lidar	0.662392	-9.3066	11.0348	-9.31887	10.8936	0.0155026	-0.000963497
1477010467550000	-9.03636	10.9097	5.10145	-0.0184788	-0.149822	radar	2.67279	-9.2226	10.3527	-9.05915	10.8972	0.01241	-0.000685715
1477010467600000	-8.77344	10.9398	5.12193	-0.0119927	-0.134127	lidar	0.973664	-8.78899	11.0707	-8.79937	10.9001	0.00965769	-0.000467005
1477010467650000	-8.53174	10.8981	5.09064	-0.0326697	-0.148316	radar	6.47554	-8.83914	10.0319	-8.53954	10.9023	0.00724685	-0.000300407
1477010467700000	-8.36024	10.8208	4.95828	-0.0677583	-0.179575	lidar	5.64214	-8.62045	10.6577	-8.27965	10.9039	0.00517849	-0.000178909
1477010467750000	-8.10789	10.8345	4.95565	-0.0564291	-0.144738	radar	1.44737	-7.91543	11.1157	-8.01974	10.905	0.00345352	-9.54602e-05
1477010467800000	-7.78069	10.8763	5.08052	-0.0396375	-0.117059	lidar	4.9532	-7.51971	11.0005	-7.75979	10.9057	0.00207268	-4.2972e-05
1477010467850000	-7.51818	10.8774	5.07852	-0.030956	-0.0860997	radar	2.05665	-7.25987	10.6458	-7.49981	10.9061	0.00103654	-1.43276e-05
1477010467900000	-7.24509	10.8639	5.10489	-0.0367978	-0.0877023	lidar	0.544674	-7.15631	10.815	-7.23983	10.9063	0.000345558	-2.3883e-06
1477010467950000	-7.00476	10.8984	5.06668	-0.00785562	-0.0256904	radar	3.78987	-7.39396	11.0181	-6.97983	10.9064	-1.50937e-15	-5.33996e-31
